1 1 1729 1730 1731
2 1 1729 1740 1739
3 1 1730 1729 1740
4 1 1730 1731 1732
5 1 1731 1732 1733
6 1 1732 1733 1734
7 1 1733 1734 1735
8 1 1734 1735 1736
9 1 1735 1736 1737
10 1 1736 1737 1738
11 1 1737 1738 1739
12 1 1738 1739 1740
13 1 1741 1742 1743
14 1 1741 1752 1751
15 1 1742 1741 1752
16 1 1742 1743 1744
17 1 1743 1744 1745
18 1 1744 1745 1746
19 1 1745 1746 1747
20 1 1746 1747 1748
21 1 1747 1748 1749
22 1 1748 1749 1750
23 1 1749 1750 1751
24 1 1750 1751 1752
25 1 1753 1754 1755
26 1 1753 1764 1763
27 1 1754 1753 1764
28 1 1754 1755 1756
29 1 1755 1756 1757
30 1 1756 1757 1758
31 1 1757 1758 1759
32 1 1758 1759 1760
33 1 1759 1760 1761
34 1 1760 1761 1762
35 1 1761 1762 1763
36 1 1762 1763 1764
37 1 1765 1766 1767
38 1 1765 1776 1775
39 1 1766 1765 1776
40 1 1766 1767 1768
41 1 1767 1768 1769
42 1 1768 1769 1770
43 1 1769 1770 1771
44 1 1770 1771 1772
45 1 1771 1772 1773
46 1 1772 1773 1774
47 1 1773 1774 1775
48 1 1774 1775 1776
49 1 1777 1778 1779
50 1 1777 1788 1787
51 1 1778 1777 1788
52 1 1778 1779 1780
53 1 1779 1780 1781
54 1 1780 1781 1782
55 1 1781 1782 1783
56 1 1782 1783 1784
57 1 1783 1784 1785
58 1 1784 1785 1786
59 1 1785 1786 1787
60 1 1786 1787 1788
61 1 1789 1790 1791
62 1 1789 1800 1799
63 1 1790 1789 1800
64 1 1790 1791 1792
65 1 1791 1792 1793
66 1 1792 1793 1794
67 1 1793 1794 1795
68 1 1794 1795 1796
69 1 1795 1796 1797
70 1 1796 1797 1798
71 1 1797 1798 1799
72 1 1798 1799 1800
73 1 1801 1802 1803
74 1 1801 1812 1811
75 1 1802 1801 1812
76 1 1802 1803 1804
77 1 1803 1804 1805
78 1 1804 1805 1806
79 1 1805 1806 1807
80 1 1806 1807 1808
81 1 1807 1808 1809
82 1 1808 1809 1810
83 1 1809 1810 1811
84 1 1810 1811 1812
85 1 1813 1814 1815
86 1 1813 1824 1823
87 1 1814 1813 1824
88 1 1814 1815 1816
89 1 1815 1816 1817
90 1 1816 1817 1818
91 1 1817 1818 1819
92 1 1818 1819 1820
93 1 1819 1820 1821
94 1 1820 1821 1822
95 1 1821 1822 1823
96 1 1822 1823 1824
97 1 1825 1826 1827
98 1 1825 1836 1835
99 1 1826 1825 1836
100 1 1826 1827 1828
101 1 1827 1828 1829
102 1 1828 1829 1830
103 1 1829 1830 1831
104 1 1830 1831 1832
105 1 1831 1832 1833
106 1 1832 1833 1834
107 1 1833 1834 1835
108 1 1834 1835 1836
109 1 1837 1838 1839
110 1 1837 1848 1847
111 1 1838 1837 1848
112 1 1838 1839 1840
113 1 1839 1840 1841
114 1 1840 1841 1842
115 1 1841 1842 1843
116 1 1842 1843 1844
117 1 1843 1844 1845
118 1 1844 1845 1846
119 1 1845 1846 1847
120 1 1846 1847 1848
121 1 1849 1850 1851
122 1 1849 1860 1859
123 1 1850 1849 1860
124 1 1850 1851 1852
125 1 1851 1852 1853
126 1 1852 1853 1854
127 1 1853 1854 1855
128 1 1854 1855 1856
129 1 1855 1856 1857
130 1 1856 1857 1858
131 1 1857 1858 1859
132 1 1858 1859 1860
133 1 1861 1862 1863
134 1 1861 1872 1871
135 1 1862 1861 1872
136 1 1862 1863 1864
137 1 1863 1864 1865
138 1 1864 1865 1866
139 1 1865 1866 1867
140 1 1866 1867 1868
141 1 1867 1868 1869
142 1 1868 1869 1870
143 1 1869 1870 1871
144 1 1870 1871 1872
145 1 1873 1874 1875
146 1 1873 1884 1883
147 1 1874 1873 1884
148 1 1874 1875 1876
149 1 1875 1876 1877
150 1 1876 1877 1878
151 1 1877 1878 1879
152 1 1878 1879 1880
153 1 1879 1880 1881
154 1 1880 1881 1882
155 1 1881 1882 1883
156 1 1882 1883 1884
157 1 1885 1886 1887
158 1 1885 1896 1895
159 1 1886 1885 1896
160 1 1886 1887 1888
161 1 1887 1888 1889
162 1 1888 1889 1890
163 1 1889 1890 1891
164 1 1890 1891 1892
165 1 1891 1892 1893
166 1 1892 1893 1894
167 1 1893 1894 1895
168 1 1894 1895 1896
169 1 1897 1898 1899
170 1 1897 1908 1907
171 1 1898 1897 1908
172 1 1898 1899 1900
173 1 1899 1900 1901
174 1 1900 1901 1902
175 1 1901 1902 1903
176 1 1902 1903 1904
177 1 1903 1904 1905
178 1 1904 1905 1906
179 1 1905 1906 1907
180 1 1906 1907 1908
181 1 1909 1910 1911
182 1 1909 1920 1919
183 1 1910 1909 1920
184 1 1910 1911 1912
185 1 1911 1912 1913
186 1 1912 1913 1914
187 1 1913 1914 1915
188 1 1914 1915 1916
189 1 1915 1916 1917
190 1 1916 1917 1918
191 1 1917 1918 1919
192 1 1918 1919 1920
193 1 1921 1922 1923
194 1 1921 1932 1931
195 1 1922 1921 1932
196 1 1922 1923 1924
197 1 1923 1924 1925
198 1 1924 1925 1926
199 1 1925 1926 1927
200 1 1926 1927 1928
201 1 1927 1928 1929
202 1 1928 1929 1930
203 1 1929 1930 1931
204 1 1930 1931 1932
205 1 1933 1934 1935
206 1 1933 1944 1943
207 1 1934 1933 1944
208 1 1934 1935 1936
209 1 1935 1936 1937
210 1 1936 1937 1938
211 1 1937 1938 1939
212 1 1938 1939 1940
213 1 1939 1940 1941
214 1 1940 1941 1942
215 1 1941 1942 1943
216 1 1942 1943 1944
217 1 1945 1946 1947
218 1 1945 1956 1955
219 1 1946 1945 1956
220 1 1946 1947 1948
221 1 1947 1948 1949
222 1 1948 1949 1950
223 1 1949 1950 1951
224 1 1950 1951 1952
225 1 1951 1952 1953
226 1 1952 1953 1954
227 1 1953 1954 1955
228 1 1954 1955 1956
229 1 1957 1958 1959
230 1 1957 1968 1967
231 1 1958 1957 1968
232 1 1958 1959 1960
233 1 1959 1960 1961
234 1 1960 1961 1962
235 1 1961 1962 1963
236 1 1962 1963 1964
237 1 1963 1964 1965
238 1 1964 1965 1966
239 1 1965 1966 1967
240 1 1966 1967 1968
241 1 1969 1970 1971
242 1 1969 1980 1979
243 1 1970 1969 1980
244 1 1970 1971 1972
245 1 1971 1972 1973
246 1 1972 1973 1974
247 1 1973 1974 1975
248 1 1974 1975 1976
249 1 1975 1976 1977
250 1 1976 1977 1978
251 1 1977 1978 1979
252 1 1978 1979 1980
253 1 1981 1982 1983
254 1 1981 1992 1991
255 1 1982 1981 1992
256 1 1982 1983 1984
257 1 1983 1984 1985
258 1 1984 1985 1986
259 1 1985 1986 1987
260 1 1986 1987 1988
261 1 1987 1988 1989
262 1 1988 1989 1990
263 1 1989 1990 1991
264 1 1990 1991 1992
265 1 1993 1994 1995
266 1 1993 2004 2003
267 1 1994 1993 2004
268 1 1994 1995 1996
269 1 1995 1996 1997
270 1 1996 1997 1998
271 1 1997 1998 1999
272 1 1998 1999 2000
273 1 1999 2000 2001
274 1 2000 2001 2002
275 1 2001 2002 2003
276 1 2002 2003 2004
277 1 2005 2006 2007
278 1 2005 2016 2015
279 1 2006 2005 2016
280 1 2006 2007 2008
281 1 2007 2008 2009
282 1 2008 2009 2010
283 1 2009 2010 2011
284 1 2010 2011 2012
285 1 2011 2012 2013
286 1 2012 2013 2014
287 1 2013 2014 2015
288 1 2014 2015 2016
289 1 2017 2018 2019
290 1 2017 2028 2027
291 1 2018 2017 2028
292 1 2018 2019 2020
293 1 2019 2020 2021
294 1 2020 2021 2022
295 1 2021 2022 2023
296 1 2022 2023 2024
297 1 2023 2024 2025
298 1 2024 2025 2026
299 1 2025 2026 2027
300 1 2026 2027 2028
301 1 2029 2030 2031
302 1 2029 2040 2039
303 1 2030 2029 2040
304 1 2030 2031 2032
305 1 2031 2032 2033
306 1 2032 2033 2034
307 1 2033 2034 2035
308 1 2034 2035 2036
309 1 2035 2036 2037
310 1 2036 2037 2038
311 1 2037 2038 2039
312 1 2038 2039 2040
313 1 2041 2042 2043
314 1 2041 2052 2051
315 1 2042 2041 2052
316 1 2042 2043 2044
317 1 2043 2044 2045
318 1 2044 2045 2046
319 1 2045 2046 2047
320 1 2046 2047 2048
321 1 2047 2048 2049
322 1 2048 2049 2050
323 1 2049 2050 2051
324 1 2050 2051 2052
325 1 2053 2054 2055
326 1 2053 2064 2063
327 1 2054 2053 2064
328 1 2054 2055 2056
329 1 2055 2056 2057
330 1 2056 2057 2058
331 1 2057 2058 2059
332 1 2058 2059 2060
333 1 2059 2060 2061
334 1 2060 2061 2062
335 1 2061 2062 2063
336 1 2062 2063 2064
337 1 2065 2066 2067
338 1 2065 2076 2075
339 1 2066 2065 2076
340 1 2066 2067 2068
341 1 2067 2068 2069
342 1 2068 2069 2070
343 1 2069 2070 2071
344 1 2070 2071 2072
345 1 2071 2072 2073
346 1 2072 2073 2074
347 1 2073 2074 2075
348 1 2074 2075 2076
349 1 2077 2078 2079
350 1 2077 2088 2087
351 1 2078 2077 2088
352 1 2078 2079 2080
353 1 2079 2080 2081
354 1 2080 2081 2082
355 1 2081 2082 2083
356 1 2082 2083 2084
357 1 2083 2084 2085
358 1 2084 2085 2086
359 1 2085 2086 2087
360 1 2086 2087 2088
361 1 2089 2090 2091
362 1 2089 2100 2099
363 1 2090 2089 2100
364 1 2090 2091 2092
365 1 2091 2092 2093
366 1 2092 2093 2094
367 1 2093 2094 2095
368 1 2094 2095 2096
369 1 2095 2096 2097
370 1 2096 2097 2098
371 1 2097 2098 2099
372 1 2098 2099 2100
373 1 2101 2102 2103
374 1 2101 2112 2111
375 1 2102 2101 2112
376 1 2102 2103 2104
377 1 2103 2104 2105
378 1 2104 2105 2106
379 1 2105 2106 2107
380 1 2106 2107 2108
381 1 2107 2108 2109
382 1 2108 2109 2110
383 1 2109 2110 2111
384 1 2110 2111 2112
385 1 2113 2114 2115
386 1 2113 2124 2123
387 1 2114 2113 2124
388 1 2114 2115 2116
389 1 2115 2116 2117
390 1 2116 2117 2118
391 1 2117 2118 2119
392 1 2118 2119 2120
393 1 2119 2120 2121
394 1 2120 2121 2122
395 1 2121 2122 2123
396 1 2122 2123 2124
397 1 2125 2126 2127
398 1 2125 2136 2135
399 1 2126 2125 2136
400 1 2126 2127 2128
401 1 2127 2128 2129
402 1 2128 2129 2130
403 1 2129 2130 2131
404 1 2130 2131 2132
405 1 2131 2132 2133
406 1 2132 2133 2134
407 1 2133 2134 2135
408 1 2134 2135 2136
409 1 2137 2138 2139
410 1 2137 2148 2147
411 1 2138 2137 2148
412 1 2138 2139 2140
413 1 2139 2140 2141
414 1 2140 2141 2142
415 1 2141 2142 2143
416 1 2142 2143 2144
417 1 2143 2144 2145
418 1 2144 2145 2146
419 1 2145 2146 2147
420 1 2146 2147 2148
421 1 2149 2150 2151
422 1 2149 2160 2159
423 1 2150 2149 2160
424 1 2150 2151 2152
425 1 2151 2152 2153
426 1 2152 2153 2154
427 1 2153 2154 2155
428 1 2154 2155 2156
429 1 2155 2156 2157
430 1 2156 2157 2158
431 1 2157 2158 2159
432 1 2158 2159 2160
433 1 2161 2162 2163
434 1 2161 2172 2171
435 1 2162 2161 2172
436 1 2162 2163 2164
437 1 2163 2164 2165
438 1 2164 2165 2166
439 1 2165 2166 2167
440 1 2166 2167 2168
441 1 2167 2168 2169
442 1 2168 2169 2170
443 1 2169 2170 2171
444 1 2170 2171 2172
445 1 2173 2174 2175
446 1 2173 2184 2183
447 1 2174 2173 2184
448 1 2174 2175 2176
449 1 2175 2176 2177
450 1 2176 2177 2178
451 1 2177 2178 2179
452 1 2178 2179 2180
453 1 2179 2180 2181
454 1 2180 2181 2182
455 1 2181 2182 2183
456 1 2182 2183 2184
457 1 2185 2186 2187
458 1 2185 2196 2195
459 1 2186 2185 2196
460 1 2186 2187 2188
461 1 2187 2188 2189
462 1 2188 2189 2190
463 1 2189 2190 2191
464 1 2190 2191 2192
465 1 2191 2192 2193
466 1 2192 2193 2194
467 1 2193 2194 2195
468 1 2194 2195 2196
469 1 2197 2198 2199
470 1 2197 2208 2207
471 1 2198 2197 2208
472 1 2198 2199 2200
473 1 2199 2200 2201
474 1 2200 2201 2202
475 1 2201 2202 2203
476 1 2202 2203 2204
477 1 2203 2204 2205
478 1 2204 2205 2206
479 1 2205 2206 2207
480 1 2206 2207 2208
481 1 2209 2210 2211
482 1 2209 2220 2219
483 1 2210 2209 2220
484 1 2210 2211 2212
485 1 2211 2212 2213
486 1 2212 2213 2214
487 1 2213 2214 2215
488 1 2214 2215 2216
489 1 2215 2216 2217
490 1 2216 2217 2218
491 1 2217 2218 2219
492 1 2218 2219 2220
493 1 2221 2222 2223
494 1 2221 2232 2231
495 1 2222 2221 2232
496 1 2222 2223 2224
497 1 2223 2224 2225
498 1 2224 2225 2226
499 1 2225 2226 2227
500 1 2226 2227 2228
501 1 2227 2228 2229
502 1 2228 2229 2230
503 1 2229 2230 2231
504 1 2230 2231 2232
505 1 2233 2234 2235
506 1 2233 2244 2243
507 1 2234 2233 2244
508 1 2234 2235 2236
509 1 2235 2236 2237
510 1 2236 2237 2238
511 1 2237 2238 2239
512 1 2238 2239 2240
513 1 2239 2240 2241
514 1 2240 2241 2242
515 1 2241 2242 2243
516 1 2242 2243 2244
517 1 2245 2246 2247
518 1 2245 2256 2255
519 1 2246 2245 2256
520 1 2246 2247 2248
521 1 2247 2248 2249
522 1 2248 2249 2250
523 1 2249 2250 2251
524 1 2250 2251 2252
525 1 2251 2252 2253
526 1 2252 2253 2254
527 1 2253 2254 2255
528 1 2254 2255 2256
529 1 2257 2258 2259
530 1 2257 2268 2267
531 1 2258 2257 2268
532 1 2258 2259 2260
533 1 2259 2260 2261
534 1 2260 2261 2262
535 1 2261 2262 2263
536 1 2262 2263 2264
537 1 2263 2264 2265
538 1 2264 2265 2266
539 1 2265 2266 2267
540 1 2266 2267 2268
541 1 2269 2270 2271
542 1 2269 2280 2279
543 1 2270 2269 2280
544 1 2270 2271 2272
545 1 2271 2272 2273
546 1 2272 2273 2274
547 1 2273 2274 2275
548 1 2274 2275 2276
549 1 2275 2276 2277
550 1 2276 2277 2278
551 1 2277 2278 2279
552 1 2278 2279 2280
553 1 2281 2282 2283
554 1 2281 2292 2291
555 1 2282 2281 2292
556 1 2282 2283 2284
557 1 2283 2284 2285
558 1 2284 2285 2286
559 1 2285 2286 2287
560 1 2286 2287 2288
561 1 2287 2288 2289
562 1 2288 2289 2290
563 1 2289 2290 2291
564 1 2290 2291 2292
565 1 2293 2294 2295
566 1 2293 2304 2303
567 1 2294 2293 2304
568 1 2294 2295 2296
569 1 2295 2296 2297
570 1 2296 2297 2298
571 1 2297 2298 2299
572 1 2298 2299 2300
573 1 2299 2300 2301
574 1 2300 2301 2302
575 1 2301 2302 2303
576 1 2302 2303 2304
577 1 2305 2306 2307
578 1 2305 2316 2315
579 1 2306 2305 2316
580 1 2306 2307 2308
581 1 2307 2308 2309
582 1 2308 2309 2310
583 1 2309 2310 2311
584 1 2310 2311 2312
585 1 2311 2312 2313
586 1 2312 2313 2314
587 1 2313 2314 2315
588 1 2314 2315 2316
589 1 2317 2318 2319
590 1 2317 2328 2327
591 1 2318 2317 2328
592 1 2318 2319 2320
593 1 2319 2320 2321
594 1 2320 2321 2322
595 1 2321 2322 2323
596 1 2322 2323 2324
597 1 2323 2324 2325
598 1 2324 2325 2326
599 1 2325 2326 2327
600 1 2326 2327 2328
601 1 2329 2330 2331
602 1 2329 2340 2339
603 1 2330 2329 2340
604 1 2330 2331 2332
605 1 2331 2332 2333
606 1 2332 2333 2334
607 1 2333 2334 2335
608 1 2334 2335 2336
609 1 2335 2336 2337
610 1 2336 2337 2338
611 1 2337 2338 2339
612 1 2338 2339 2340
613 1 2341 2342 2343
614 1 2341 2352 2351
615 1 2342 2341 2352
616 1 2342 2343 2344
617 1 2343 2344 2345
618 1 2344 2345 2346
619 1 2345 2346 2347
620 1 2346 2347 2348
621 1 2347 2348 2349
622 1 2348 2349 2350
623 1 2349 2350 2351
624 1 2350 2351 2352
625 1 2353 2354 2355
626 1 2353 2364 2363
627 1 2354 2353 2364
628 1 2354 2355 2356
629 1 2355 2356 2357
630 1 2356 2357 2358
631 1 2357 2358 2359
632 1 2358 2359 2360
633 1 2359 2360 2361
634 1 2360 2361 2362
635 1 2361 2362 2363
636 1 2362 2363 2364
637 1 2365 2366 2367
638 1 2365 2376 2375
639 1 2366 2365 2376
640 1 2366 2367 2368
641 1 2367 2368 2369
642 1 2368 2369 2370
643 1 2369 2370 2371
644 1 2370 2371 2372
645 1 2371 2372 2373
646 1 2372 2373 2374
647 1 2373 2374 2375
648 1 2374 2375 2376
649 1 2377 2378 2379
650 1 2377 2388 2387
651 1 2378 2377 2388
652 1 2378 2379 2380
653 1 2379 2380 2381
654 1 2380 2381 2382
655 1 2381 2382 2383
656 1 2382 2383 2384
657 1 2383 2384 2385
658 1 2384 2385 2386
659 1 2385 2386 2387
660 1 2386 2387 2388
661 1 2389 2390 2391
662 1 2389 2400 2399
663 1 2390 2389 2400
664 1 2390 2391 2392
665 1 2391 2392 2393
666 1 2392 2393 2394
667 1 2393 2394 2395
668 1 2394 2395 2396
669 1 2395 2396 2397
670 1 2396 2397 2398
671 1 2397 2398 2399
672 1 2398 2399 2400
673 1 2401 2402 2403
674 1 2401 2412 2411
675 1 2402 2401 2412
676 1 2402 2403 2404
677 1 2403 2404 2405
678 1 2404 2405 2406
679 1 2405 2406 2407
680 1 2406 2407 2408
681 1 2407 2408 2409
682 1 2408 2409 2410
683 1 2409 2410 2411
684 1 2410 2411 2412
685 1 2413 2414 2415
686 1 2413 2424 2423
687 1 2414 2413 2424
688 1 2414 2415 2416
689 1 2415 2416 2417
690 1 2416 2417 2418
691 1 2417 2418 2419
692 1 2418 2419 2420
693 1 2419 2420 2421
694 1 2420 2421 2422
695 1 2421 2422 2423
696 1 2422 2423 2424
697 1 2425 2426 2427
698 1 2425 2436 2435
699 1 2426 2425 2436
700 1 2426 2427 2428
701 1 2427 2428 2429
702 1 2428 2429 2430
703 1 2429 2430 2431
704 1 2430 2431 2432
705 1 2431 2432 2433
706 1 2432 2433 2434
707 1 2433 2434 2435
708 1 2434 2435 2436
709 1 2437 2438 2439
710 1 2437 2448 2447
711 1 2438 2437 2448
712 1 2438 2439 2440
713 1 2439 2440 2441
714 1 2440 2441 2442
715 1 2441 2442 2443
716 1 2442 2443 2444
717 1 2443 2444 2445
718 1 2444 2445 2446
719 1 2445 2446 2447
720 1 2446 2447 2448
721 1 2449 2450 2451
722 1 2449 2460 2459
723 1 2450 2449 2460
724 1 2450 2451 2452
725 1 2451 2452 2453
726 1 2452 2453 2454
727 1 2453 2454 2455
728 1 2454 2455 2456
729 1 2455 2456 2457
730 1 2456 2457 2458
731 1 2457 2458 2459
732 1 2458 2459 2460
733 1 2461 2462 2463
734 1 2461 2472 2471
735 1 2462 2461 2472
736 1 2462 2463 2464
737 1 2463 2464 2465
738 1 2464 2465 2466
739 1 2465 2466 2467
740 1 2466 2467 2468
741 1 2467 2468 2469
742 1 2468 2469 2470
743 1 2469 2470 2471
744 1 2470 2471 2472
745 1 2473 2474 2475
746 1 2473 2484 2483
747 1 2474 2473 2484
748 1 2474 2475 2476
749 1 2475 2476 2477
750 1 2476 2477 2478
751 1 2477 2478 2479
752 1 2478 2479 2480
753 1 2479 2480 2481
754 1 2480 2481 2482
755 1 2481 2482 2483
756 1 2482 2483 2484
757 1 2485 2486 2487
758 1 2485 2496 2495
759 1 2486 2485 2496
760 1 2486 2487 2488
761 1 2487 2488 2489
762 1 2488 2489 2490
763 1 2489 2490 2491
764 1 2490 2491 2492
765 1 2491 2492 2493
766 1 2492 2493 2494
767 1 2493 2494 2495
768 1 2494 2495 2496
