1 1 1729 1730
2 1 1730 1731
3 1 1731 1732
4 1 1732 1733
5 1 1733 1734
6 1 1734 1735
7 1 1735 1736
8 1 1736 1737
9 1 1737 1738
10 1 1738 1739
11 1 1739 1740
12 1 1729 1740
13 1 1741 1742
14 1 1742 1743
15 1 1743 1744
16 1 1744 1745
17 1 1745 1746
18 1 1746 1747
19 1 1747 1748
20 1 1748 1749
21 1 1749 1750
22 1 1750 1751
23 1 1751 1752
24 1 1741 1752
25 1 1753 1754
26 1 1754 1755
27 1 1755 1756
28 1 1756 1757
29 1 1757 1758
30 1 1758 1759
31 1 1759 1760
32 1 1760 1761
33 1 1761 1762
34 1 1762 1763
35 1 1763 1764
36 1 1753 1764
37 1 1765 1766
38 1 1766 1767
39 1 1767 1768
40 1 1768 1769
41 1 1769 1770
42 1 1770 1771
43 1 1771 1772
44 1 1772 1773
45 1 1773 1774
46 1 1774 1775
47 1 1775 1776
48 1 1765 1776
49 1 1777 1778
50 1 1778 1779
51 1 1779 1780
52 1 1780 1781
53 1 1781 1782
54 1 1782 1783
55 1 1783 1784
56 1 1784 1785
57 1 1785 1786
58 1 1786 1787
59 1 1787 1788
60 1 1777 1788
61 1 1789 1790
62 1 1790 1791
63 1 1791 1792
64 1 1792 1793
65 1 1793 1794
66 1 1794 1795
67 1 1795 1796
68 1 1796 1797
69 1 1797 1798
70 1 1798 1799
71 1 1799 1800
72 1 1789 1800
73 1 1801 1802
74 1 1802 1803
75 1 1803 1804
76 1 1804 1805
77 1 1805 1806
78 1 1806 1807
79 1 1807 1808
80 1 1808 1809
81 1 1809 1810
82 1 1810 1811
83 1 1811 1812
84 1 1801 1812
85 1 1813 1814
86 1 1814 1815
87 1 1815 1816
88 1 1816 1817
89 1 1817 1818
90 1 1818 1819
91 1 1819 1820
92 1 1820 1821
93 1 1821 1822
94 1 1822 1823
95 1 1823 1824
96 1 1813 1824
97 1 1825 1826
98 1 1826 1827
99 1 1827 1828
100 1 1828 1829
101 1 1829 1830
102 1 1830 1831
103 1 1831 1832
104 1 1832 1833
105 1 1833 1834
106 1 1834 1835
107 1 1835 1836
108 1 1825 1836
109 1 1837 1838
110 1 1838 1839
111 1 1839 1840
112 1 1840 1841
113 1 1841 1842
114 1 1842 1843
115 1 1843 1844
116 1 1844 1845
117 1 1845 1846
118 1 1846 1847
119 1 1847 1848
120 1 1837 1848
121 1 1849 1850
122 1 1850 1851
123 1 1851 1852
124 1 1852 1853
125 1 1853 1854
126 1 1854 1855
127 1 1855 1856
128 1 1856 1857
129 1 1857 1858
130 1 1858 1859
131 1 1859 1860
132 1 1849 1860
133 1 1861 1862
134 1 1862 1863
135 1 1863 1864
136 1 1864 1865
137 1 1865 1866
138 1 1866 1867
139 1 1867 1868
140 1 1868 1869
141 1 1869 1870
142 1 1870 1871
143 1 1871 1872
144 1 1861 1872
145 1 1873 1874
146 1 1874 1875
147 1 1875 1876
148 1 1876 1877
149 1 1877 1878
150 1 1878 1879
151 1 1879 1880
152 1 1880 1881
153 1 1881 1882
154 1 1882 1883
155 1 1883 1884
156 1 1873 1884
157 1 1885 1886
158 1 1886 1887
159 1 1887 1888
160 1 1888 1889
161 1 1889 1890
162 1 1890 1891
163 1 1891 1892
164 1 1892 1893
165 1 1893 1894
166 1 1894 1895
167 1 1895 1896
168 1 1885 1896
169 1 1897 1898
170 1 1898 1899
171 1 1899 1900
172 1 1900 1901
173 1 1901 1902
174 1 1902 1903
175 1 1903 1904
176 1 1904 1905
177 1 1905 1906
178 1 1906 1907
179 1 1907 1908
180 1 1897 1908
181 1 1909 1910
182 1 1910 1911
183 1 1911 1912
184 1 1912 1913
185 1 1913 1914
186 1 1914 1915
187 1 1915 1916
188 1 1916 1917
189 1 1917 1918
190 1 1918 1919
191 1 1919 1920
192 1 1909 1920
193 1 1921 1922
194 1 1922 1923
195 1 1923 1924
196 1 1924 1925
197 1 1925 1926
198 1 1926 1927
199 1 1927 1928
200 1 1928 1929
201 1 1929 1930
202 1 1930 1931
203 1 1931 1932
204 1 1921 1932
205 1 1933 1934
206 1 1934 1935
207 1 1935 1936
208 1 1936 1937
209 1 1937 1938
210 1 1938 1939
211 1 1939 1940
212 1 1940 1941
213 1 1941 1942
214 1 1942 1943
215 1 1943 1944
216 1 1933 1944
217 1 1945 1946
218 1 1946 1947
219 1 1947 1948
220 1 1948 1949
221 1 1949 1950
222 1 1950 1951
223 1 1951 1952
224 1 1952 1953
225 1 1953 1954
226 1 1954 1955
227 1 1955 1956
228 1 1945 1956
229 1 1957 1958
230 1 1958 1959
231 1 1959 1960
232 1 1960 1961
233 1 1961 1962
234 1 1962 1963
235 1 1963 1964
236 1 1964 1965
237 1 1965 1966
238 1 1966 1967
239 1 1967 1968
240 1 1957 1968
241 1 1969 1970
242 1 1970 1971
243 1 1971 1972
244 1 1972 1973
245 1 1973 1974
246 1 1974 1975
247 1 1975 1976
248 1 1976 1977
249 1 1977 1978
250 1 1978 1979
251 1 1979 1980
252 1 1969 1980
253 1 1981 1982
254 1 1982 1983
255 1 1983 1984
256 1 1984 1985
257 1 1985 1986
258 1 1986 1987
259 1 1987 1988
260 1 1988 1989
261 1 1989 1990
262 1 1990 1991
263 1 1991 1992
264 1 1981 1992
265 1 1993 1994
266 1 1994 1995
267 1 1995 1996
268 1 1996 1997
269 1 1997 1998
270 1 1998 1999
271 1 1999 2000
272 1 2000 2001
273 1 2001 2002
274 1 2002 2003
275 1 2003 2004
276 1 1993 2004
277 1 2005 2006
278 1 2006 2007
279 1 2007 2008
280 1 2008 2009
281 1 2009 2010
282 1 2010 2011
283 1 2011 2012
284 1 2012 2013
285 1 2013 2014
286 1 2014 2015
287 1 2015 2016
288 1 2005 2016
289 1 2017 2018
290 1 2018 2019
291 1 2019 2020
292 1 2020 2021
293 1 2021 2022
294 1 2022 2023
295 1 2023 2024
296 1 2024 2025
297 1 2025 2026
298 1 2026 2027
299 1 2027 2028
300 1 2017 2028
301 1 2029 2030
302 1 2030 2031
303 1 2031 2032
304 1 2032 2033
305 1 2033 2034
306 1 2034 2035
307 1 2035 2036
308 1 2036 2037
309 1 2037 2038
310 1 2038 2039
311 1 2039 2040
312 1 2029 2040
313 1 2041 2042
314 1 2042 2043
315 1 2043 2044
316 1 2044 2045
317 1 2045 2046
318 1 2046 2047
319 1 2047 2048
320 1 2048 2049
321 1 2049 2050
322 1 2050 2051
323 1 2051 2052
324 1 2041 2052
325 1 2053 2054
326 1 2054 2055
327 1 2055 2056
328 1 2056 2057
329 1 2057 2058
330 1 2058 2059
331 1 2059 2060
332 1 2060 2061
333 1 2061 2062
334 1 2062 2063
335 1 2063 2064
336 1 2053 2064
337 1 2065 2066
338 1 2066 2067
339 1 2067 2068
340 1 2068 2069
341 1 2069 2070
342 1 2070 2071
343 1 2071 2072
344 1 2072 2073
345 1 2073 2074
346 1 2074 2075
347 1 2075 2076
348 1 2065 2076
349 1 2077 2078
350 1 2078 2079
351 1 2079 2080
352 1 2080 2081
353 1 2081 2082
354 1 2082 2083
355 1 2083 2084
356 1 2084 2085
357 1 2085 2086
358 1 2086 2087
359 1 2087 2088
360 1 2077 2088
361 1 2089 2090
362 1 2090 2091
363 1 2091 2092
364 1 2092 2093
365 1 2093 2094
366 1 2094 2095
367 1 2095 2096
368 1 2096 2097
369 1 2097 2098
370 1 2098 2099
371 1 2099 2100
372 1 2089 2100
373 1 2101 2102
374 1 2102 2103
375 1 2103 2104
376 1 2104 2105
377 1 2105 2106
378 1 2106 2107
379 1 2107 2108
380 1 2108 2109
381 1 2109 2110
382 1 2110 2111
383 1 2111 2112
384 1 2101 2112
385 1 2113 2114
386 1 2114 2115
387 1 2115 2116
388 1 2116 2117
389 1 2117 2118
390 1 2118 2119
391 1 2119 2120
392 1 2120 2121
393 1 2121 2122
394 1 2122 2123
395 1 2123 2124
396 1 2113 2124
397 1 2125 2126
398 1 2126 2127
399 1 2127 2128
400 1 2128 2129
401 1 2129 2130
402 1 2130 2131
403 1 2131 2132
404 1 2132 2133
405 1 2133 2134
406 1 2134 2135
407 1 2135 2136
408 1 2125 2136
409 1 2137 2138
410 1 2138 2139
411 1 2139 2140
412 1 2140 2141
413 1 2141 2142
414 1 2142 2143
415 1 2143 2144
416 1 2144 2145
417 1 2145 2146
418 1 2146 2147
419 1 2147 2148
420 1 2137 2148
421 1 2149 2150
422 1 2150 2151
423 1 2151 2152
424 1 2152 2153
425 1 2153 2154
426 1 2154 2155
427 1 2155 2156
428 1 2156 2157
429 1 2157 2158
430 1 2158 2159
431 1 2159 2160
432 1 2149 2160
433 1 2161 2162
434 1 2162 2163
435 1 2163 2164
436 1 2164 2165
437 1 2165 2166
438 1 2166 2167
439 1 2167 2168
440 1 2168 2169
441 1 2169 2170
442 1 2170 2171
443 1 2171 2172
444 1 2161 2172
445 1 2173 2174
446 1 2174 2175
447 1 2175 2176
448 1 2176 2177
449 1 2177 2178
450 1 2178 2179
451 1 2179 2180
452 1 2180 2181
453 1 2181 2182
454 1 2182 2183
455 1 2183 2184
456 1 2173 2184
457 1 2185 2186
458 1 2186 2187
459 1 2187 2188
460 1 2188 2189
461 1 2189 2190
462 1 2190 2191
463 1 2191 2192
464 1 2192 2193
465 1 2193 2194
466 1 2194 2195
467 1 2195 2196
468 1 2185 2196
469 1 2197 2198
470 1 2198 2199
471 1 2199 2200
472 1 2200 2201
473 1 2201 2202
474 1 2202 2203
475 1 2203 2204
476 1 2204 2205
477 1 2205 2206
478 1 2206 2207
479 1 2207 2208
480 1 2197 2208
481 1 2209 2210
482 1 2210 2211
483 1 2211 2212
484 1 2212 2213
485 1 2213 2214
486 1 2214 2215
487 1 2215 2216
488 1 2216 2217
489 1 2217 2218
490 1 2218 2219
491 1 2219 2220
492 1 2209 2220
493 1 2221 2222
494 1 2222 2223
495 1 2223 2224
496 1 2224 2225
497 1 2225 2226
498 1 2226 2227
499 1 2227 2228
500 1 2228 2229
501 1 2229 2230
502 1 2230 2231
503 1 2231 2232
504 1 2221 2232
505 1 2233 2234
506 1 2234 2235
507 1 2235 2236
508 1 2236 2237
509 1 2237 2238
510 1 2238 2239
511 1 2239 2240
512 1 2240 2241
513 1 2241 2242
514 1 2242 2243
515 1 2243 2244
516 1 2233 2244
517 1 2245 2246
518 1 2246 2247
519 1 2247 2248
520 1 2248 2249
521 1 2249 2250
522 1 2250 2251
523 1 2251 2252
524 1 2252 2253
525 1 2253 2254
526 1 2254 2255
527 1 2255 2256
528 1 2245 2256
529 1 2257 2258
530 1 2258 2259
531 1 2259 2260
532 1 2260 2261
533 1 2261 2262
534 1 2262 2263
535 1 2263 2264
536 1 2264 2265
537 1 2265 2266
538 1 2266 2267
539 1 2267 2268
540 1 2257 2268
541 1 2269 2270
542 1 2270 2271
543 1 2271 2272
544 1 2272 2273
545 1 2273 2274
546 1 2274 2275
547 1 2275 2276
548 1 2276 2277
549 1 2277 2278
550 1 2278 2279
551 1 2279 2280
552 1 2269 2280
553 1 2281 2282
554 1 2282 2283
555 1 2283 2284
556 1 2284 2285
557 1 2285 2286
558 1 2286 2287
559 1 2287 2288
560 1 2288 2289
561 1 2289 2290
562 1 2290 2291
563 1 2291 2292
564 1 2281 2292
565 1 2293 2294
566 1 2294 2295
567 1 2295 2296
568 1 2296 2297
569 1 2297 2298
570 1 2298 2299
571 1 2299 2300
572 1 2300 2301
573 1 2301 2302
574 1 2302 2303
575 1 2303 2304
576 1 2293 2304
577 1 2305 2306
578 1 2306 2307
579 1 2307 2308
580 1 2308 2309
581 1 2309 2310
582 1 2310 2311
583 1 2311 2312
584 1 2312 2313
585 1 2313 2314
586 1 2314 2315
587 1 2315 2316
588 1 2305 2316
589 1 2317 2318
590 1 2318 2319
591 1 2319 2320
592 1 2320 2321
593 1 2321 2322
594 1 2322 2323
595 1 2323 2324
596 1 2324 2325
597 1 2325 2326
598 1 2326 2327
599 1 2327 2328
600 1 2317 2328
601 1 2329 2330
602 1 2330 2331
603 1 2331 2332
604 1 2332 2333
605 1 2333 2334
606 1 2334 2335
607 1 2335 2336
608 1 2336 2337
609 1 2337 2338
610 1 2338 2339
611 1 2339 2340
612 1 2329 2340
613 1 2341 2342
614 1 2342 2343
615 1 2343 2344
616 1 2344 2345
617 1 2345 2346
618 1 2346 2347
619 1 2347 2348
620 1 2348 2349
621 1 2349 2350
622 1 2350 2351
623 1 2351 2352
624 1 2341 2352
625 1 2353 2354
626 1 2354 2355
627 1 2355 2356
628 1 2356 2357
629 1 2357 2358
630 1 2358 2359
631 1 2359 2360
632 1 2360 2361
633 1 2361 2362
634 1 2362 2363
635 1 2363 2364
636 1 2353 2364
637 1 2365 2366
638 1 2366 2367
639 1 2367 2368
640 1 2368 2369
641 1 2369 2370
642 1 2370 2371
643 1 2371 2372
644 1 2372 2373
645 1 2373 2374
646 1 2374 2375
647 1 2375 2376
648 1 2365 2376
649 1 2377 2378
650 1 2378 2379
651 1 2379 2380
652 1 2380 2381
653 1 2381 2382
654 1 2382 2383
655 1 2383 2384
656 1 2384 2385
657 1 2385 2386
658 1 2386 2387
659 1 2387 2388
660 1 2377 2388
661 1 2389 2390
662 1 2390 2391
663 1 2391 2392
664 1 2392 2393
665 1 2393 2394
666 1 2394 2395
667 1 2395 2396
668 1 2396 2397
669 1 2397 2398
670 1 2398 2399
671 1 2399 2400
672 1 2389 2400
673 1 2401 2402
674 1 2402 2403
675 1 2403 2404
676 1 2404 2405
677 1 2405 2406
678 1 2406 2407
679 1 2407 2408
680 1 2408 2409
681 1 2409 2410
682 1 2410 2411
683 1 2411 2412
684 1 2401 2412
685 1 2413 2414
686 1 2414 2415
687 1 2415 2416
688 1 2416 2417
689 1 2417 2418
690 1 2418 2419
691 1 2419 2420
692 1 2420 2421
693 1 2421 2422
694 1 2422 2423
695 1 2423 2424
696 1 2413 2424
697 1 2425 2426
698 1 2426 2427
699 1 2427 2428
700 1 2428 2429
701 1 2429 2430
702 1 2430 2431
703 1 2431 2432
704 1 2432 2433
705 1 2433 2434
706 1 2434 2435
707 1 2435 2436
708 1 2425 2436
709 1 2437 2438
710 1 2438 2439
711 1 2439 2440
712 1 2440 2441
713 1 2441 2442
714 1 2442 2443
715 1 2443 2444
716 1 2444 2445
717 1 2445 2446
718 1 2446 2447
719 1 2447 2448
720 1 2437 2448
721 1 2449 2450
722 1 2450 2451
723 1 2451 2452
724 1 2452 2453
725 1 2453 2454
726 1 2454 2455
727 1 2455 2456
728 1 2456 2457
729 1 2457 2458
730 1 2458 2459
731 1 2459 2460
732 1 2449 2460
733 1 2461 2462
734 1 2462 2463
735 1 2463 2464
736 1 2464 2465
737 1 2465 2466
738 1 2466 2467
739 1 2467 2468
740 1 2468 2469
741 1 2469 2470
742 1 2470 2471
743 1 2471 2472
744 1 2461 2472
745 1 2473 2474
746 1 2474 2475
747 1 2475 2476
748 1 2476 2477
749 1 2477 2478
750 1 2478 2479
751 1 2479 2480
752 1 2480 2481
753 1 2481 2482
754 1 2482 2483
755 1 2483 2484
756 1 2473 2484
757 1 2485 2486
758 1 2486 2487
759 1 2487 2488
760 1 2488 2489
761 1 2489 2490
762 1 2490 2491
763 1 2491 2492
764 1 2492 2493
765 1 2493 2494
766 1 2494 2495
767 1 2495 2496
768 1 2485 2496
