1 1 1 0.0 0.0 0.0 0.0
2 2 1 0.0 4.0 0.0 0.0
3 3 1 0.0 8.0 0.0 0.0
4 4 1 0.0 12.0 0.0 0.0
5 5 1 0.0 16.0 0.0 0.0
6 6 1 0.0 20.0 0.0 0.0
7 7 1 0.0 24.0 0.0 0.0
8 8 1 0.0 28.0 0.0 0.0
9 9 1 0.0 32.0 0.0 0.0
10 10 1 0.0 36.0 0.0 0.0
11 11 1 0.0 40.0 0.0 0.0
12 12 1 0.0 44.0 0.0 0.0
13 13 1 0.0 0.0 4.0 0.0
14 14 1 0.0 4.0 4.0 0.0
15 15 1 0.0 8.0 4.0 0.0
16 16 1 0.0 12.0 4.0 0.0
17 17 1 0.0 16.0 4.0 0.0
18 18 1 0.0 20.0 4.0 0.0
19 19 1 0.0 24.0 4.0 0.0
20 20 1 0.0 28.0 4.0 0.0
21 21 1 0.0 32.0 4.0 0.0
22 22 1 0.0 36.0 4.0 0.0
23 23 1 0.0 40.0 4.0 0.0
24 24 1 0.0 44.0 4.0 0.0
25 25 1 0.0 0.0 8.0 0.0
26 26 1 0.0 4.0 8.0 0.0
27 27 1 0.0 8.0 8.0 0.0
28 28 1 0.0 12.0 8.0 0.0
29 29 1 0.0 16.0 8.0 0.0
30 30 1 0.0 20.0 8.0 0.0
31 31 1 0.0 24.0 8.0 0.0
32 32 1 0.0 28.0 8.0 0.0
33 33 1 0.0 32.0 8.0 0.0
34 34 1 0.0 36.0 8.0 0.0
35 35 1 0.0 40.0 8.0 0.0
36 36 1 0.0 44.0 8.0 0.0
37 37 1 0.0 0.0 12.0 0.0
38 38 1 0.0 4.0 12.0 0.0
39 39 1 0.0 8.0 12.0 0.0
40 40 1 0.0 12.0 12.0 0.0
41 41 1 0.0 16.0 12.0 0.0
42 42 1 0.0 20.0 12.0 0.0
43 43 1 0.0 24.0 12.0 0.0
44 44 1 0.0 28.0 12.0 0.0
45 45 1 0.0 32.0 12.0 0.0
46 46 1 0.0 36.0 12.0 0.0
47 47 1 0.0 40.0 12.0 0.0
48 48 1 0.0 44.0 12.0 0.0
49 49 1 0.0 0.0 16.0 0.0
50 50 1 0.0 4.0 16.0 0.0
51 51 1 0.0 8.0 16.0 0.0
52 52 1 0.0 12.0 16.0 0.0
53 53 1 0.0 16.0 16.0 0.0
54 54 1 0.0 20.0 16.0 0.0
55 55 1 0.0 24.0 16.0 0.0
56 56 1 0.0 28.0 16.0 0.0
57 57 1 0.0 32.0 16.0 0.0
58 58 1 0.0 36.0 16.0 0.0
59 59 1 0.0 40.0 16.0 0.0
60 60 1 0.0 44.0 16.0 0.0
61 61 1 0.0 0.0 20.0 0.0
62 62 1 0.0 4.0 20.0 0.0
63 63 1 0.0 8.0 20.0 0.0
64 64 1 0.0 12.0 20.0 0.0
65 65 1 0.0 16.0 20.0 0.0
66 66 1 0.0 20.0 20.0 0.0
67 67 1 0.0 24.0 20.0 0.0
68 68 1 0.0 28.0 20.0 0.0
69 69 1 0.0 32.0 20.0 0.0
70 70 1 0.0 36.0 20.0 0.0
71 71 1 0.0 40.0 20.0 0.0
72 72 1 0.0 44.0 20.0 0.0
73 73 1 0.0 0.0 24.0 0.0
74 74 1 0.0 4.0 24.0 0.0
75 75 1 0.0 8.0 24.0 0.0
76 76 1 0.0 12.0 24.0 0.0
77 77 1 0.0 16.0 24.0 0.0
78 78 1 0.0 20.0 24.0 0.0
79 79 1 0.0 24.0 24.0 0.0
80 80 1 0.0 28.0 24.0 0.0
81 81 1 0.0 32.0 24.0 0.0
82 82 1 0.0 36.0 24.0 0.0
83 83 1 0.0 40.0 24.0 0.0
84 84 1 0.0 44.0 24.0 0.0
85 85 1 0.0 0.0 28.0 0.0
86 86 1 0.0 4.0 28.0 0.0
87 87 1 0.0 8.0 28.0 0.0
88 88 1 0.0 12.0 28.0 0.0
89 89 1 0.0 16.0 28.0 0.0
90 90 1 0.0 20.0 28.0 0.0
91 91 1 0.0 24.0 28.0 0.0
92 92 1 0.0 28.0 28.0 0.0
93 93 1 0.0 32.0 28.0 0.0
94 94 1 0.0 36.0 28.0 0.0
95 95 1 0.0 40.0 28.0 0.0
96 96 1 0.0 44.0 28.0 0.0
97 97 1 0.0 0.0 32.0 0.0
98 98 1 0.0 4.0 32.0 0.0
99 99 1 0.0 8.0 32.0 0.0
100 100 1 0.0 12.0 32.0 0.0
101 101 1 0.0 16.0 32.0 0.0
102 102 1 0.0 20.0 32.0 0.0
103 103 1 0.0 24.0 32.0 0.0
104 104 1 0.0 28.0 32.0 0.0
105 105 1 0.0 32.0 32.0 0.0
106 106 1 0.0 36.0 32.0 0.0
107 107 1 0.0 40.0 32.0 0.0
108 108 1 0.0 44.0 32.0 0.0
109 109 1 0.0 0.0 36.0 0.0
110 110 1 0.0 4.0 36.0 0.0
111 111 1 0.0 8.0 36.0 0.0
112 112 1 0.0 12.0 36.0 0.0
113 113 1 0.0 16.0 36.0 0.0
114 114 1 0.0 20.0 36.0 0.0
115 115 1 0.0 24.0 36.0 0.0
116 116 1 0.0 28.0 36.0 0.0
117 117 1 0.0 32.0 36.0 0.0
118 118 1 0.0 36.0 36.0 0.0
119 119 1 0.0 40.0 36.0 0.0
120 120 1 0.0 44.0 36.0 0.0
121 121 1 0.0 0.0 40.0 0.0
122 122 1 0.0 4.0 40.0 0.0
123 123 1 0.0 8.0 40.0 0.0
124 124 1 0.0 12.0 40.0 0.0
125 125 1 0.0 16.0 40.0 0.0
126 126 1 0.0 20.0 40.0 0.0
127 127 1 0.0 24.0 40.0 0.0
128 128 1 0.0 28.0 40.0 0.0
129 129 1 0.0 32.0 40.0 0.0
130 130 1 0.0 36.0 40.0 0.0
131 131 1 0.0 40.0 40.0 0.0
132 132 1 0.0 44.0 40.0 0.0
133 133 1 0.0 0.0 44.0 0.0
134 134 1 0.0 4.0 44.0 0.0
135 135 1 0.0 8.0 44.0 0.0
136 136 1 0.0 12.0 44.0 0.0
137 137 1 0.0 16.0 44.0 0.0
138 138 1 0.0 20.0 44.0 0.0
139 139 1 0.0 24.0 44.0 0.0
140 140 1 0.0 28.0 44.0 0.0
141 141 1 0.0 32.0 44.0 0.0
142 142 1 0.0 36.0 44.0 0.0
143 143 1 0.0 40.0 44.0 0.0
144 144 1 0.0 44.0 44.0 0.0
145 145 1 0.0 0.0 0.0 4.0
146 146 1 0.0 4.0 0.0 4.0
147 147 1 0.0 8.0 0.0 4.0
148 148 1 0.0 12.0 0.0 4.0
149 149 1 0.0 16.0 0.0 4.0
150 150 1 0.0 20.0 0.0 4.0
151 151 1 0.0 24.0 0.0 4.0
152 152 1 0.0 28.0 0.0 4.0
153 153 1 0.0 32.0 0.0 4.0
154 154 1 0.0 36.0 0.0 4.0
155 155 1 0.0 40.0 0.0 4.0
156 156 1 0.0 44.0 0.0 4.0
157 157 1 0.0 0.0 4.0 4.0
158 158 1 0.0 4.0 4.0 4.0
159 159 1 0.0 8.0 4.0 4.0
160 160 1 0.0 12.0 4.0 4.0
161 161 1 0.0 16.0 4.0 4.0
162 162 1 0.0 20.0 4.0 4.0
163 163 1 0.0 24.0 4.0 4.0
164 164 1 0.0 28.0 4.0 4.0
165 165 1 0.0 32.0 4.0 4.0
166 166 1 0.0 36.0 4.0 4.0
167 167 1 0.0 40.0 4.0 4.0
168 168 1 0.0 44.0 4.0 4.0
169 169 1 0.0 0.0 8.0 4.0
170 170 1 0.0 4.0 8.0 4.0
171 171 1 0.0 8.0 8.0 4.0
172 172 1 0.0 12.0 8.0 4.0
173 173 1 0.0 16.0 8.0 4.0
174 174 1 0.0 20.0 8.0 4.0
175 175 1 0.0 24.0 8.0 4.0
176 176 1 0.0 28.0 8.0 4.0
177 177 1 0.0 32.0 8.0 4.0
178 178 1 0.0 36.0 8.0 4.0
179 179 1 0.0 40.0 8.0 4.0
180 180 1 0.0 44.0 8.0 4.0
181 181 1 0.0 0.0 12.0 4.0
182 182 1 0.0 4.0 12.0 4.0
183 183 1 0.0 8.0 12.0 4.0
184 184 1 0.0 12.0 12.0 4.0
185 185 1 0.0 16.0 12.0 4.0
186 186 1 0.0 20.0 12.0 4.0
187 187 1 0.0 24.0 12.0 4.0
188 188 1 0.0 28.0 12.0 4.0
189 189 1 0.0 32.0 12.0 4.0
190 190 1 0.0 36.0 12.0 4.0
191 191 1 0.0 40.0 12.0 4.0
192 192 1 0.0 44.0 12.0 4.0
193 193 1 0.0 0.0 16.0 4.0
194 194 1 0.0 4.0 16.0 4.0
195 195 1 0.0 8.0 16.0 4.0
196 196 1 0.0 12.0 16.0 4.0
197 197 1 0.0 16.0 16.0 4.0
198 198 1 0.0 20.0 16.0 4.0
199 199 1 0.0 24.0 16.0 4.0
200 200 1 0.0 28.0 16.0 4.0
201 201 1 0.0 32.0 16.0 4.0
202 202 1 0.0 36.0 16.0 4.0
203 203 1 0.0 40.0 16.0 4.0
204 204 1 0.0 44.0 16.0 4.0
205 205 1 0.0 0.0 20.0 4.0
206 206 1 0.0 4.0 20.0 4.0
207 207 1 0.0 8.0 20.0 4.0
208 208 1 0.0 12.0 20.0 4.0
209 209 1 0.0 16.0 20.0 4.0
210 210 1 0.0 20.0 20.0 4.0
211 211 1 0.0 24.0 20.0 4.0
212 212 1 0.0 28.0 20.0 4.0
213 213 1 0.0 32.0 20.0 4.0
214 214 1 0.0 36.0 20.0 4.0
215 215 1 0.0 40.0 20.0 4.0
216 216 1 0.0 44.0 20.0 4.0
217 217 1 0.0 0.0 24.0 4.0
218 218 1 0.0 4.0 24.0 4.0
219 219 1 0.0 8.0 24.0 4.0
220 220 1 0.0 12.0 24.0 4.0
221 221 1 0.0 16.0 24.0 4.0
222 222 1 0.0 20.0 24.0 4.0
223 223 1 0.0 24.0 24.0 4.0
224 224 1 0.0 28.0 24.0 4.0
225 225 1 0.0 32.0 24.0 4.0
226 226 1 0.0 36.0 24.0 4.0
227 227 1 0.0 40.0 24.0 4.0
228 228 1 0.0 44.0 24.0 4.0
229 229 1 0.0 0.0 28.0 4.0
230 230 1 0.0 4.0 28.0 4.0
231 231 1 0.0 8.0 28.0 4.0
232 232 1 0.0 12.0 28.0 4.0
233 233 1 0.0 16.0 28.0 4.0
234 234 1 0.0 20.0 28.0 4.0
235 235 1 0.0 24.0 28.0 4.0
236 236 1 0.0 28.0 28.0 4.0
237 237 1 0.0 32.0 28.0 4.0
238 238 1 0.0 36.0 28.0 4.0
239 239 1 0.0 40.0 28.0 4.0
240 240 1 0.0 44.0 28.0 4.0
241 241 1 0.0 0.0 32.0 4.0
242 242 1 0.0 4.0 32.0 4.0
243 243 1 0.0 8.0 32.0 4.0
244 244 1 0.0 12.0 32.0 4.0
245 245 1 0.0 16.0 32.0 4.0
246 246 1 0.0 20.0 32.0 4.0
247 247 1 0.0 24.0 32.0 4.0
248 248 1 0.0 28.0 32.0 4.0
249 249 1 0.0 32.0 32.0 4.0
250 250 1 0.0 36.0 32.0 4.0
251 251 1 0.0 40.0 32.0 4.0
252 252 1 0.0 44.0 32.0 4.0
253 253 1 0.0 0.0 36.0 4.0
254 254 1 0.0 4.0 36.0 4.0
255 255 1 0.0 8.0 36.0 4.0
256 256 1 0.0 12.0 36.0 4.0
257 257 1 0.0 16.0 36.0 4.0
258 258 1 0.0 20.0 36.0 4.0
259 259 1 0.0 24.0 36.0 4.0
260 260 1 0.0 28.0 36.0 4.0
261 261 1 0.0 32.0 36.0 4.0
262 262 1 0.0 36.0 36.0 4.0
263 263 1 0.0 40.0 36.0 4.0
264 264 1 0.0 44.0 36.0 4.0
265 265 1 0.0 0.0 40.0 4.0
266 266 1 0.0 4.0 40.0 4.0
267 267 1 0.0 8.0 40.0 4.0
268 268 1 0.0 12.0 40.0 4.0
269 269 1 0.0 16.0 40.0 4.0
270 270 1 0.0 20.0 40.0 4.0
271 271 1 0.0 24.0 40.0 4.0
272 272 1 0.0 28.0 40.0 4.0
273 273 1 0.0 32.0 40.0 4.0
274 274 1 0.0 36.0 40.0 4.0
275 275 1 0.0 40.0 40.0 4.0
276 276 1 0.0 44.0 40.0 4.0
277 277 1 0.0 0.0 44.0 4.0
278 278 1 0.0 4.0 44.0 4.0
279 279 1 0.0 8.0 44.0 4.0
280 280 1 0.0 12.0 44.0 4.0
281 281 1 0.0 16.0 44.0 4.0
282 282 1 0.0 20.0 44.0 4.0
283 283 1 0.0 24.0 44.0 4.0
284 284 1 0.0 28.0 44.0 4.0
285 285 1 0.0 32.0 44.0 4.0
286 286 1 0.0 36.0 44.0 4.0
287 287 1 0.0 40.0 44.0 4.0
288 288 1 0.0 44.0 44.0 4.0
289 289 1 0.0 0.0 0.0 8.0
290 290 1 0.0 4.0 0.0 8.0
291 291 1 0.0 8.0 0.0 8.0
292 292 1 0.0 12.0 0.0 8.0
293 293 1 0.0 16.0 0.0 8.0
294 294 1 0.0 20.0 0.0 8.0
295 295 1 0.0 24.0 0.0 8.0
296 296 1 0.0 28.0 0.0 8.0
297 297 1 0.0 32.0 0.0 8.0
298 298 1 0.0 36.0 0.0 8.0
299 299 1 0.0 40.0 0.0 8.0
300 300 1 0.0 44.0 0.0 8.0
301 301 1 0.0 0.0 4.0 8.0
302 302 1 0.0 4.0 4.0 8.0
303 303 1 0.0 8.0 4.0 8.0
304 304 1 0.0 12.0 4.0 8.0
305 305 1 0.0 16.0 4.0 8.0
306 306 1 0.0 20.0 4.0 8.0
307 307 1 0.0 24.0 4.0 8.0
308 308 1 0.0 28.0 4.0 8.0
309 309 1 0.0 32.0 4.0 8.0
310 310 1 0.0 36.0 4.0 8.0
311 311 1 0.0 40.0 4.0 8.0
312 312 1 0.0 44.0 4.0 8.0
313 313 1 0.0 0.0 8.0 8.0
314 314 1 0.0 4.0 8.0 8.0
315 315 1 0.0 8.0 8.0 8.0
316 316 1 0.0 12.0 8.0 8.0
317 317 1 0.0 16.0 8.0 8.0
318 318 1 0.0 20.0 8.0 8.0
319 319 1 0.0 24.0 8.0 8.0
320 320 1 0.0 28.0 8.0 8.0
321 321 1 0.0 32.0 8.0 8.0
322 322 1 0.0 36.0 8.0 8.0
323 323 1 0.0 40.0 8.0 8.0
324 324 1 0.0 44.0 8.0 8.0
325 325 1 0.0 0.0 12.0 8.0
326 326 1 0.0 4.0 12.0 8.0
327 327 1 0.0 8.0 12.0 8.0
328 328 1 0.0 12.0 12.0 8.0
329 329 1 0.0 16.0 12.0 8.0
330 330 1 0.0 20.0 12.0 8.0
331 331 1 0.0 24.0 12.0 8.0
332 332 1 0.0 28.0 12.0 8.0
333 333 1 0.0 32.0 12.0 8.0
334 334 1 0.0 36.0 12.0 8.0
335 335 1 0.0 40.0 12.0 8.0
336 336 1 0.0 44.0 12.0 8.0
337 337 1 0.0 0.0 16.0 8.0
338 338 1 0.0 4.0 16.0 8.0
339 339 1 0.0 8.0 16.0 8.0
340 340 1 0.0 12.0 16.0 8.0
341 341 1 0.0 16.0 16.0 8.0
342 342 1 0.0 20.0 16.0 8.0
343 343 1 0.0 24.0 16.0 8.0
344 344 1 0.0 28.0 16.0 8.0
345 345 1 0.0 32.0 16.0 8.0
346 346 1 0.0 36.0 16.0 8.0
347 347 1 0.0 40.0 16.0 8.0
348 348 1 0.0 44.0 16.0 8.0
349 349 1 0.0 0.0 20.0 8.0
350 350 1 0.0 4.0 20.0 8.0
351 351 1 0.0 8.0 20.0 8.0
352 352 1 0.0 12.0 20.0 8.0
353 353 1 0.0 16.0 20.0 8.0
354 354 1 0.0 20.0 20.0 8.0
355 355 1 0.0 24.0 20.0 8.0
356 356 1 0.0 28.0 20.0 8.0
357 357 1 0.0 32.0 20.0 8.0
358 358 1 0.0 36.0 20.0 8.0
359 359 1 0.0 40.0 20.0 8.0
360 360 1 0.0 44.0 20.0 8.0
361 361 1 0.0 0.0 24.0 8.0
362 362 1 0.0 4.0 24.0 8.0
363 363 1 0.0 8.0 24.0 8.0
364 364 1 0.0 12.0 24.0 8.0
365 365 1 0.0 16.0 24.0 8.0
366 366 1 0.0 20.0 24.0 8.0
367 367 1 0.0 24.0 24.0 8.0
368 368 1 0.0 28.0 24.0 8.0
369 369 1 0.0 32.0 24.0 8.0
370 370 1 0.0 36.0 24.0 8.0
371 371 1 0.0 40.0 24.0 8.0
372 372 1 0.0 44.0 24.0 8.0
373 373 1 0.0 0.0 28.0 8.0
374 374 1 0.0 4.0 28.0 8.0
375 375 1 0.0 8.0 28.0 8.0
376 376 1 0.0 12.0 28.0 8.0
377 377 1 0.0 16.0 28.0 8.0
378 378 1 0.0 20.0 28.0 8.0
379 379 1 0.0 24.0 28.0 8.0
380 380 1 0.0 28.0 28.0 8.0
381 381 1 0.0 32.0 28.0 8.0
382 382 1 0.0 36.0 28.0 8.0
383 383 1 0.0 40.0 28.0 8.0
384 384 1 0.0 44.0 28.0 8.0
385 385 1 0.0 0.0 32.0 8.0
386 386 1 0.0 4.0 32.0 8.0
387 387 1 0.0 8.0 32.0 8.0
388 388 1 0.0 12.0 32.0 8.0
389 389 1 0.0 16.0 32.0 8.0
390 390 1 0.0 20.0 32.0 8.0
391 391 1 0.0 24.0 32.0 8.0
392 392 1 0.0 28.0 32.0 8.0
393 393 1 0.0 32.0 32.0 8.0
394 394 1 0.0 36.0 32.0 8.0
395 395 1 0.0 40.0 32.0 8.0
396 396 1 0.0 44.0 32.0 8.0
397 397 1 0.0 0.0 36.0 8.0
398 398 1 0.0 4.0 36.0 8.0
399 399 1 0.0 8.0 36.0 8.0
400 400 1 0.0 12.0 36.0 8.0
401 401 1 0.0 16.0 36.0 8.0
402 402 1 0.0 20.0 36.0 8.0
403 403 1 0.0 24.0 36.0 8.0
404 404 1 0.0 28.0 36.0 8.0
405 405 1 0.0 32.0 36.0 8.0
406 406 1 0.0 36.0 36.0 8.0
407 407 1 0.0 40.0 36.0 8.0
408 408 1 0.0 44.0 36.0 8.0
409 409 1 0.0 0.0 40.0 8.0
410 410 1 0.0 4.0 40.0 8.0
411 411 1 0.0 8.0 40.0 8.0
412 412 1 0.0 12.0 40.0 8.0
413 413 1 0.0 16.0 40.0 8.0
414 414 1 0.0 20.0 40.0 8.0
415 415 1 0.0 24.0 40.0 8.0
416 416 1 0.0 28.0 40.0 8.0
417 417 1 0.0 32.0 40.0 8.0
418 418 1 0.0 36.0 40.0 8.0
419 419 1 0.0 40.0 40.0 8.0
420 420 1 0.0 44.0 40.0 8.0
421 421 1 0.0 0.0 44.0 8.0
422 422 1 0.0 4.0 44.0 8.0
423 423 1 0.0 8.0 44.0 8.0
424 424 1 0.0 12.0 44.0 8.0
425 425 1 0.0 16.0 44.0 8.0
426 426 1 0.0 20.0 44.0 8.0
427 427 1 0.0 24.0 44.0 8.0
428 428 1 0.0 28.0 44.0 8.0
429 429 1 0.0 32.0 44.0 8.0
430 430 1 0.0 36.0 44.0 8.0
431 431 1 0.0 40.0 44.0 8.0
432 432 1 0.0 44.0 44.0 8.0
433 433 1 0.0 0.0 0.0 12.0
434 434 1 0.0 4.0 0.0 12.0
435 435 1 0.0 8.0 0.0 12.0
436 436 1 0.0 12.0 0.0 12.0
437 437 1 0.0 16.0 0.0 12.0
438 438 1 0.0 20.0 0.0 12.0
439 439 1 0.0 24.0 0.0 12.0
440 440 1 0.0 28.0 0.0 12.0
441 441 1 0.0 32.0 0.0 12.0
442 442 1 0.0 36.0 0.0 12.0
443 443 1 0.0 40.0 0.0 12.0
444 444 1 0.0 44.0 0.0 12.0
445 445 1 0.0 0.0 4.0 12.0
446 446 1 0.0 4.0 4.0 12.0
447 447 1 0.0 8.0 4.0 12.0
448 448 1 0.0 12.0 4.0 12.0
449 449 1 0.0 16.0 4.0 12.0
450 450 1 0.0 20.0 4.0 12.0
451 451 1 0.0 24.0 4.0 12.0
452 452 1 0.0 28.0 4.0 12.0
453 453 1 0.0 32.0 4.0 12.0
454 454 1 0.0 36.0 4.0 12.0
455 455 1 0.0 40.0 4.0 12.0
456 456 1 0.0 44.0 4.0 12.0
457 457 1 0.0 0.0 8.0 12.0
458 458 1 0.0 4.0 8.0 12.0
459 459 1 0.0 8.0 8.0 12.0
460 460 1 0.0 12.0 8.0 12.0
461 461 1 0.0 16.0 8.0 12.0
462 462 1 0.0 20.0 8.0 12.0
463 463 1 0.0 24.0 8.0 12.0
464 464 1 0.0 28.0 8.0 12.0
465 465 1 0.0 32.0 8.0 12.0
466 466 1 0.0 36.0 8.0 12.0
467 467 1 0.0 40.0 8.0 12.0
468 468 1 0.0 44.0 8.0 12.0
469 469 1 0.0 0.0 12.0 12.0
470 470 1 0.0 4.0 12.0 12.0
471 471 1 0.0 8.0 12.0 12.0
472 472 1 0.0 12.0 12.0 12.0
473 473 1 0.0 16.0 12.0 12.0
474 474 1 0.0 20.0 12.0 12.0
475 475 1 0.0 24.0 12.0 12.0
476 476 1 0.0 28.0 12.0 12.0
477 477 1 0.0 32.0 12.0 12.0
478 478 1 0.0 36.0 12.0 12.0
479 479 1 0.0 40.0 12.0 12.0
480 480 1 0.0 44.0 12.0 12.0
481 481 1 0.0 0.0 16.0 12.0
482 482 1 0.0 4.0 16.0 12.0
483 483 1 0.0 8.0 16.0 12.0
484 484 1 0.0 12.0 16.0 12.0
485 485 1 0.0 16.0 16.0 12.0
486 486 1 0.0 20.0 16.0 12.0
487 487 1 0.0 24.0 16.0 12.0
488 488 1 0.0 28.0 16.0 12.0
489 489 1 0.0 32.0 16.0 12.0
490 490 1 0.0 36.0 16.0 12.0
491 491 1 0.0 40.0 16.0 12.0
492 492 1 0.0 44.0 16.0 12.0
493 493 1 0.0 0.0 20.0 12.0
494 494 1 0.0 4.0 20.0 12.0
495 495 1 0.0 8.0 20.0 12.0
496 496 1 0.0 12.0 20.0 12.0
497 497 1 0.0 16.0 20.0 12.0
498 498 1 0.0 20.0 20.0 12.0
499 499 1 0.0 24.0 20.0 12.0
500 500 1 0.0 28.0 20.0 12.0
501 501 1 0.0 32.0 20.0 12.0
502 502 1 0.0 36.0 20.0 12.0
503 503 1 0.0 40.0 20.0 12.0
504 504 1 0.0 44.0 20.0 12.0
505 505 1 0.0 0.0 24.0 12.0
506 506 1 0.0 4.0 24.0 12.0
507 507 1 0.0 8.0 24.0 12.0
508 508 1 0.0 12.0 24.0 12.0
509 509 1 0.0 16.0 24.0 12.0
510 510 1 0.0 20.0 24.0 12.0
511 511 1 0.0 24.0 24.0 12.0
512 512 1 0.0 28.0 24.0 12.0
513 513 1 0.0 32.0 24.0 12.0
514 514 1 0.0 36.0 24.0 12.0
515 515 1 0.0 40.0 24.0 12.0
516 516 1 0.0 44.0 24.0 12.0
517 517 1 0.0 0.0 28.0 12.0
518 518 1 0.0 4.0 28.0 12.0
519 519 1 0.0 8.0 28.0 12.0
520 520 1 0.0 12.0 28.0 12.0
521 521 1 0.0 16.0 28.0 12.0
522 522 1 0.0 20.0 28.0 12.0
523 523 1 0.0 24.0 28.0 12.0
524 524 1 0.0 28.0 28.0 12.0
525 525 1 0.0 32.0 28.0 12.0
526 526 1 0.0 36.0 28.0 12.0
527 527 1 0.0 40.0 28.0 12.0
528 528 1 0.0 44.0 28.0 12.0
529 529 1 0.0 0.0 32.0 12.0
530 530 1 0.0 4.0 32.0 12.0
531 531 1 0.0 8.0 32.0 12.0
532 532 1 0.0 12.0 32.0 12.0
533 533 1 0.0 16.0 32.0 12.0
534 534 1 0.0 20.0 32.0 12.0
535 535 1 0.0 24.0 32.0 12.0
536 536 1 0.0 28.0 32.0 12.0
537 537 1 0.0 32.0 32.0 12.0
538 538 1 0.0 36.0 32.0 12.0
539 539 1 0.0 40.0 32.0 12.0
540 540 1 0.0 44.0 32.0 12.0
541 541 1 0.0 0.0 36.0 12.0
542 542 1 0.0 4.0 36.0 12.0
543 543 1 0.0 8.0 36.0 12.0
544 544 1 0.0 12.0 36.0 12.0
545 545 1 0.0 16.0 36.0 12.0
546 546 1 0.0 20.0 36.0 12.0
547 547 1 0.0 24.0 36.0 12.0
548 548 1 0.0 28.0 36.0 12.0
549 549 1 0.0 32.0 36.0 12.0
550 550 1 0.0 36.0 36.0 12.0
551 551 1 0.0 40.0 36.0 12.0
552 552 1 0.0 44.0 36.0 12.0
553 553 1 0.0 0.0 40.0 12.0
554 554 1 0.0 4.0 40.0 12.0
555 555 1 0.0 8.0 40.0 12.0
556 556 1 0.0 12.0 40.0 12.0
557 557 1 0.0 16.0 40.0 12.0
558 558 1 0.0 20.0 40.0 12.0
559 559 1 0.0 24.0 40.0 12.0
560 560 1 0.0 28.0 40.0 12.0
561 561 1 0.0 32.0 40.0 12.0
562 562 1 0.0 36.0 40.0 12.0
563 563 1 0.0 40.0 40.0 12.0
564 564 1 0.0 44.0 40.0 12.0
565 565 1 0.0 0.0 44.0 12.0
566 566 1 0.0 4.0 44.0 12.0
567 567 1 0.0 8.0 44.0 12.0
568 568 1 0.0 12.0 44.0 12.0
569 569 1 0.0 16.0 44.0 12.0
570 570 1 0.0 20.0 44.0 12.0
571 571 1 0.0 24.0 44.0 12.0
572 572 1 0.0 28.0 44.0 12.0
573 573 1 0.0 32.0 44.0 12.0
574 574 1 0.0 36.0 44.0 12.0
575 575 1 0.0 40.0 44.0 12.0
576 576 1 0.0 44.0 44.0 12.0
577 577 1 0.0 0.0 0.0 16.0
578 578 1 0.0 4.0 0.0 16.0
579 579 1 0.0 8.0 0.0 16.0
580 580 1 0.0 12.0 0.0 16.0
581 581 1 0.0 16.0 0.0 16.0
582 582 1 0.0 20.0 0.0 16.0
583 583 1 0.0 24.0 0.0 16.0
584 584 1 0.0 28.0 0.0 16.0
585 585 1 0.0 32.0 0.0 16.0
586 586 1 0.0 36.0 0.0 16.0
587 587 1 0.0 40.0 0.0 16.0
588 588 1 0.0 44.0 0.0 16.0
589 589 1 0.0 0.0 4.0 16.0
590 590 1 0.0 4.0 4.0 16.0
591 591 1 0.0 8.0 4.0 16.0
592 592 1 0.0 12.0 4.0 16.0
593 593 1 0.0 16.0 4.0 16.0
594 594 1 0.0 20.0 4.0 16.0
595 595 1 0.0 24.0 4.0 16.0
596 596 1 0.0 28.0 4.0 16.0
597 597 1 0.0 32.0 4.0 16.0
598 598 1 0.0 36.0 4.0 16.0
599 599 1 0.0 40.0 4.0 16.0
600 600 1 0.0 44.0 4.0 16.0
601 601 1 0.0 0.0 8.0 16.0
602 602 1 0.0 4.0 8.0 16.0
603 603 1 0.0 8.0 8.0 16.0
604 604 1 0.0 12.0 8.0 16.0
605 605 1 0.0 16.0 8.0 16.0
606 606 1 0.0 20.0 8.0 16.0
607 607 1 0.0 24.0 8.0 16.0
608 608 1 0.0 28.0 8.0 16.0
609 609 1 0.0 32.0 8.0 16.0
610 610 1 0.0 36.0 8.0 16.0
611 611 1 0.0 40.0 8.0 16.0
612 612 1 0.0 44.0 8.0 16.0
613 613 1 0.0 0.0 12.0 16.0
614 614 1 0.0 4.0 12.0 16.0
615 615 1 0.0 8.0 12.0 16.0
616 616 1 0.0 12.0 12.0 16.0
617 617 1 0.0 16.0 12.0 16.0
618 618 1 0.0 20.0 12.0 16.0
619 619 1 0.0 24.0 12.0 16.0
620 620 1 0.0 28.0 12.0 16.0
621 621 1 0.0 32.0 12.0 16.0
622 622 1 0.0 36.0 12.0 16.0
623 623 1 0.0 40.0 12.0 16.0
624 624 1 0.0 44.0 12.0 16.0
625 625 1 0.0 0.0 16.0 16.0
626 626 1 0.0 4.0 16.0 16.0
627 627 1 0.0 8.0 16.0 16.0
628 628 1 0.0 12.0 16.0 16.0
629 629 1 0.0 16.0 16.0 16.0
630 630 1 0.0 20.0 16.0 16.0
631 631 1 0.0 24.0 16.0 16.0
632 632 1 0.0 28.0 16.0 16.0
633 633 1 0.0 32.0 16.0 16.0
634 634 1 0.0 36.0 16.0 16.0
635 635 1 0.0 40.0 16.0 16.0
636 636 1 0.0 44.0 16.0 16.0
637 637 1 0.0 0.0 20.0 16.0
638 638 1 0.0 4.0 20.0 16.0
639 639 1 0.0 8.0 20.0 16.0
640 640 1 0.0 12.0 20.0 16.0
641 641 1 0.0 16.0 20.0 16.0
642 642 1 0.0 20.0 20.0 16.0
643 643 1 0.0 24.0 20.0 16.0
644 644 1 0.0 28.0 20.0 16.0
645 645 1 0.0 32.0 20.0 16.0
646 646 1 0.0 36.0 20.0 16.0
647 647 1 0.0 40.0 20.0 16.0
648 648 1 0.0 44.0 20.0 16.0
649 649 1 0.0 0.0 24.0 16.0
650 650 1 0.0 4.0 24.0 16.0
651 651 1 0.0 8.0 24.0 16.0
652 652 1 0.0 12.0 24.0 16.0
653 653 1 0.0 16.0 24.0 16.0
654 654 1 0.0 20.0 24.0 16.0
655 655 1 0.0 24.0 24.0 16.0
656 656 1 0.0 28.0 24.0 16.0
657 657 1 0.0 32.0 24.0 16.0
658 658 1 0.0 36.0 24.0 16.0
659 659 1 0.0 40.0 24.0 16.0
660 660 1 0.0 44.0 24.0 16.0
661 661 1 0.0 0.0 28.0 16.0
662 662 1 0.0 4.0 28.0 16.0
663 663 1 0.0 8.0 28.0 16.0
664 664 1 0.0 12.0 28.0 16.0
665 665 1 0.0 16.0 28.0 16.0
666 666 1 0.0 20.0 28.0 16.0
667 667 1 0.0 24.0 28.0 16.0
668 668 1 0.0 28.0 28.0 16.0
669 669 1 0.0 32.0 28.0 16.0
670 670 1 0.0 36.0 28.0 16.0
671 671 1 0.0 40.0 28.0 16.0
672 672 1 0.0 44.0 28.0 16.0
673 673 1 0.0 0.0 32.0 16.0
674 674 1 0.0 4.0 32.0 16.0
675 675 1 0.0 8.0 32.0 16.0
676 676 1 0.0 12.0 32.0 16.0
677 677 1 0.0 16.0 32.0 16.0
678 678 1 0.0 20.0 32.0 16.0
679 679 1 0.0 24.0 32.0 16.0
680 680 1 0.0 28.0 32.0 16.0
681 681 1 0.0 32.0 32.0 16.0
682 682 1 0.0 36.0 32.0 16.0
683 683 1 0.0 40.0 32.0 16.0
684 684 1 0.0 44.0 32.0 16.0
685 685 1 0.0 0.0 36.0 16.0
686 686 1 0.0 4.0 36.0 16.0
687 687 1 0.0 8.0 36.0 16.0
688 688 1 0.0 12.0 36.0 16.0
689 689 1 0.0 16.0 36.0 16.0
690 690 1 0.0 20.0 36.0 16.0
691 691 1 0.0 24.0 36.0 16.0
692 692 1 0.0 28.0 36.0 16.0
693 693 1 0.0 32.0 36.0 16.0
694 694 1 0.0 36.0 36.0 16.0
695 695 1 0.0 40.0 36.0 16.0
696 696 1 0.0 44.0 36.0 16.0
697 697 1 0.0 0.0 40.0 16.0
698 698 1 0.0 4.0 40.0 16.0
699 699 1 0.0 8.0 40.0 16.0
700 700 1 0.0 12.0 40.0 16.0
701 701 1 0.0 16.0 40.0 16.0
702 702 1 0.0 20.0 40.0 16.0
703 703 1 0.0 24.0 40.0 16.0
704 704 1 0.0 28.0 40.0 16.0
705 705 1 0.0 32.0 40.0 16.0
706 706 1 0.0 36.0 40.0 16.0
707 707 1 0.0 40.0 40.0 16.0
708 708 1 0.0 44.0 40.0 16.0
709 709 1 0.0 0.0 44.0 16.0
710 710 1 0.0 4.0 44.0 16.0
711 711 1 0.0 8.0 44.0 16.0
712 712 1 0.0 12.0 44.0 16.0
713 713 1 0.0 16.0 44.0 16.0
714 714 1 0.0 20.0 44.0 16.0
715 715 1 0.0 24.0 44.0 16.0
716 716 1 0.0 28.0 44.0 16.0
717 717 1 0.0 32.0 44.0 16.0
718 718 1 0.0 36.0 44.0 16.0
719 719 1 0.0 40.0 44.0 16.0
720 720 1 0.0 44.0 44.0 16.0
721 721 1 0.0 0.0 0.0 20.0
722 722 1 0.0 4.0 0.0 20.0
723 723 1 0.0 8.0 0.0 20.0
724 724 1 0.0 12.0 0.0 20.0
725 725 1 0.0 16.0 0.0 20.0
726 726 1 0.0 20.0 0.0 20.0
727 727 1 0.0 24.0 0.0 20.0
728 728 1 0.0 28.0 0.0 20.0
729 729 1 0.0 32.0 0.0 20.0
730 730 1 0.0 36.0 0.0 20.0
731 731 1 0.0 40.0 0.0 20.0
732 732 1 0.0 44.0 0.0 20.0
733 733 1 0.0 0.0 4.0 20.0
734 734 1 0.0 4.0 4.0 20.0
735 735 1 0.0 8.0 4.0 20.0
736 736 1 0.0 12.0 4.0 20.0
737 737 1 0.0 16.0 4.0 20.0
738 738 1 0.0 20.0 4.0 20.0
739 739 1 0.0 24.0 4.0 20.0
740 740 1 0.0 28.0 4.0 20.0
741 741 1 0.0 32.0 4.0 20.0
742 742 1 0.0 36.0 4.0 20.0
743 743 1 0.0 40.0 4.0 20.0
744 744 1 0.0 44.0 4.0 20.0
745 745 1 0.0 0.0 8.0 20.0
746 746 1 0.0 4.0 8.0 20.0
747 747 1 0.0 8.0 8.0 20.0
748 748 1 0.0 12.0 8.0 20.0
749 749 1 0.0 16.0 8.0 20.0
750 750 1 0.0 20.0 8.0 20.0
751 751 1 0.0 24.0 8.0 20.0
752 752 1 0.0 28.0 8.0 20.0
753 753 1 0.0 32.0 8.0 20.0
754 754 1 0.0 36.0 8.0 20.0
755 755 1 0.0 40.0 8.0 20.0
756 756 1 0.0 44.0 8.0 20.0
757 757 1 0.0 0.0 12.0 20.0
758 758 1 0.0 4.0 12.0 20.0
759 759 1 0.0 8.0 12.0 20.0
760 760 1 0.0 12.0 12.0 20.0
761 761 1 0.0 16.0 12.0 20.0
762 762 1 0.0 20.0 12.0 20.0
763 763 1 0.0 24.0 12.0 20.0
764 764 1 0.0 28.0 12.0 20.0
765 765 1 0.0 32.0 12.0 20.0
766 766 1 0.0 36.0 12.0 20.0
767 767 1 0.0 40.0 12.0 20.0
768 768 1 0.0 44.0 12.0 20.0
769 769 1 0.0 0.0 16.0 20.0
770 770 1 0.0 4.0 16.0 20.0
771 771 1 0.0 8.0 16.0 20.0
772 772 1 0.0 12.0 16.0 20.0
773 773 1 0.0 16.0 16.0 20.0
774 774 1 0.0 20.0 16.0 20.0
775 775 1 0.0 24.0 16.0 20.0
776 776 1 0.0 28.0 16.0 20.0
777 777 1 0.0 32.0 16.0 20.0
778 778 1 0.0 36.0 16.0 20.0
779 779 1 0.0 40.0 16.0 20.0
780 780 1 0.0 44.0 16.0 20.0
781 781 1 0.0 0.0 20.0 20.0
782 782 1 0.0 4.0 20.0 20.0
783 783 1 0.0 8.0 20.0 20.0
784 784 1 0.0 12.0 20.0 20.0
785 785 1 0.0 16.0 20.0 20.0
786 786 1 0.0 20.0 20.0 20.0
787 787 1 0.0 24.0 20.0 20.0
788 788 1 0.0 28.0 20.0 20.0
789 789 1 0.0 32.0 20.0 20.0
790 790 1 0.0 36.0 20.0 20.0
791 791 1 0.0 40.0 20.0 20.0
792 792 1 0.0 44.0 20.0 20.0
793 793 1 0.0 0.0 24.0 20.0
794 794 1 0.0 4.0 24.0 20.0
795 795 1 0.0 8.0 24.0 20.0
796 796 1 0.0 12.0 24.0 20.0
797 797 1 0.0 16.0 24.0 20.0
798 798 1 0.0 20.0 24.0 20.0
799 799 1 0.0 24.0 24.0 20.0
800 800 1 0.0 28.0 24.0 20.0
801 801 1 0.0 32.0 24.0 20.0
802 802 1 0.0 36.0 24.0 20.0
803 803 1 0.0 40.0 24.0 20.0
804 804 1 0.0 44.0 24.0 20.0
805 805 1 0.0 0.0 28.0 20.0
806 806 1 0.0 4.0 28.0 20.0
807 807 1 0.0 8.0 28.0 20.0
808 808 1 0.0 12.0 28.0 20.0
809 809 1 0.0 16.0 28.0 20.0
810 810 1 0.0 20.0 28.0 20.0
811 811 1 0.0 24.0 28.0 20.0
812 812 1 0.0 28.0 28.0 20.0
813 813 1 0.0 32.0 28.0 20.0
814 814 1 0.0 36.0 28.0 20.0
815 815 1 0.0 40.0 28.0 20.0
816 816 1 0.0 44.0 28.0 20.0
817 817 1 0.0 0.0 32.0 20.0
818 818 1 0.0 4.0 32.0 20.0
819 819 1 0.0 8.0 32.0 20.0
820 820 1 0.0 12.0 32.0 20.0
821 821 1 0.0 16.0 32.0 20.0
822 822 1 0.0 20.0 32.0 20.0
823 823 1 0.0 24.0 32.0 20.0
824 824 1 0.0 28.0 32.0 20.0
825 825 1 0.0 32.0 32.0 20.0
826 826 1 0.0 36.0 32.0 20.0
827 827 1 0.0 40.0 32.0 20.0
828 828 1 0.0 44.0 32.0 20.0
829 829 1 0.0 0.0 36.0 20.0
830 830 1 0.0 4.0 36.0 20.0
831 831 1 0.0 8.0 36.0 20.0
832 832 1 0.0 12.0 36.0 20.0
833 833 1 0.0 16.0 36.0 20.0
834 834 1 0.0 20.0 36.0 20.0
835 835 1 0.0 24.0 36.0 20.0
836 836 1 0.0 28.0 36.0 20.0
837 837 1 0.0 32.0 36.0 20.0
838 838 1 0.0 36.0 36.0 20.0
839 839 1 0.0 40.0 36.0 20.0
840 840 1 0.0 44.0 36.0 20.0
841 841 1 0.0 0.0 40.0 20.0
842 842 1 0.0 4.0 40.0 20.0
843 843 1 0.0 8.0 40.0 20.0
844 844 1 0.0 12.0 40.0 20.0
845 845 1 0.0 16.0 40.0 20.0
846 846 1 0.0 20.0 40.0 20.0
847 847 1 0.0 24.0 40.0 20.0
848 848 1 0.0 28.0 40.0 20.0
849 849 1 0.0 32.0 40.0 20.0
850 850 1 0.0 36.0 40.0 20.0
851 851 1 0.0 40.0 40.0 20.0
852 852 1 0.0 44.0 40.0 20.0
853 853 1 0.0 0.0 44.0 20.0
854 854 1 0.0 4.0 44.0 20.0
855 855 1 0.0 8.0 44.0 20.0
856 856 1 0.0 12.0 44.0 20.0
857 857 1 0.0 16.0 44.0 20.0
858 858 1 0.0 20.0 44.0 20.0
859 859 1 0.0 24.0 44.0 20.0
860 860 1 0.0 28.0 44.0 20.0
861 861 1 0.0 32.0 44.0 20.0
862 862 1 0.0 36.0 44.0 20.0
863 863 1 0.0 40.0 44.0 20.0
864 864 1 0.0 44.0 44.0 20.0
865 865 1 0.0 0.0 0.0 24.0
866 866 1 0.0 4.0 0.0 24.0
867 867 1 0.0 8.0 0.0 24.0
868 868 1 0.0 12.0 0.0 24.0
869 869 1 0.0 16.0 0.0 24.0
870 870 1 0.0 20.0 0.0 24.0
871 871 1 0.0 24.0 0.0 24.0
872 872 1 0.0 28.0 0.0 24.0
873 873 1 0.0 32.0 0.0 24.0
874 874 1 0.0 36.0 0.0 24.0
875 875 1 0.0 40.0 0.0 24.0
876 876 1 0.0 44.0 0.0 24.0
877 877 1 0.0 0.0 4.0 24.0
878 878 1 0.0 4.0 4.0 24.0
879 879 1 0.0 8.0 4.0 24.0
880 880 1 0.0 12.0 4.0 24.0
881 881 1 0.0 16.0 4.0 24.0
882 882 1 0.0 20.0 4.0 24.0
883 883 1 0.0 24.0 4.0 24.0
884 884 1 0.0 28.0 4.0 24.0
885 885 1 0.0 32.0 4.0 24.0
886 886 1 0.0 36.0 4.0 24.0
887 887 1 0.0 40.0 4.0 24.0
888 888 1 0.0 44.0 4.0 24.0
889 889 1 0.0 0.0 8.0 24.0
890 890 1 0.0 4.0 8.0 24.0
891 891 1 0.0 8.0 8.0 24.0
892 892 1 0.0 12.0 8.0 24.0
893 893 1 0.0 16.0 8.0 24.0
894 894 1 0.0 20.0 8.0 24.0
895 895 1 0.0 24.0 8.0 24.0
896 896 1 0.0 28.0 8.0 24.0
897 897 1 0.0 32.0 8.0 24.0
898 898 1 0.0 36.0 8.0 24.0
899 899 1 0.0 40.0 8.0 24.0
900 900 1 0.0 44.0 8.0 24.0
901 901 1 0.0 0.0 12.0 24.0
902 902 1 0.0 4.0 12.0 24.0
903 903 1 0.0 8.0 12.0 24.0
904 904 1 0.0 12.0 12.0 24.0
905 905 1 0.0 16.0 12.0 24.0
906 906 1 0.0 20.0 12.0 24.0
907 907 1 0.0 24.0 12.0 24.0
908 908 1 0.0 28.0 12.0 24.0
909 909 1 0.0 32.0 12.0 24.0
910 910 1 0.0 36.0 12.0 24.0
911 911 1 0.0 40.0 12.0 24.0
912 912 1 0.0 44.0 12.0 24.0
913 913 1 0.0 0.0 16.0 24.0
914 914 1 0.0 4.0 16.0 24.0
915 915 1 0.0 8.0 16.0 24.0
916 916 1 0.0 12.0 16.0 24.0
917 917 1 0.0 16.0 16.0 24.0
918 918 1 0.0 20.0 16.0 24.0
919 919 1 0.0 24.0 16.0 24.0
920 920 1 0.0 28.0 16.0 24.0
921 921 1 0.0 32.0 16.0 24.0
922 922 1 0.0 36.0 16.0 24.0
923 923 1 0.0 40.0 16.0 24.0
924 924 1 0.0 44.0 16.0 24.0
925 925 1 0.0 0.0 20.0 24.0
926 926 1 0.0 4.0 20.0 24.0
927 927 1 0.0 8.0 20.0 24.0
928 928 1 0.0 12.0 20.0 24.0
929 929 1 0.0 16.0 20.0 24.0
930 930 1 0.0 20.0 20.0 24.0
931 931 1 0.0 24.0 20.0 24.0
932 932 1 0.0 28.0 20.0 24.0
933 933 1 0.0 32.0 20.0 24.0
934 934 1 0.0 36.0 20.0 24.0
935 935 1 0.0 40.0 20.0 24.0
936 936 1 0.0 44.0 20.0 24.0
937 937 1 0.0 0.0 24.0 24.0
938 938 1 0.0 4.0 24.0 24.0
939 939 1 0.0 8.0 24.0 24.0
940 940 1 0.0 12.0 24.0 24.0
941 941 1 0.0 16.0 24.0 24.0
942 942 1 0.0 20.0 24.0 24.0
943 943 1 0.0 24.0 24.0 24.0
944 944 1 0.0 28.0 24.0 24.0
945 945 1 0.0 32.0 24.0 24.0
946 946 1 0.0 36.0 24.0 24.0
947 947 1 0.0 40.0 24.0 24.0
948 948 1 0.0 44.0 24.0 24.0
949 949 1 0.0 0.0 28.0 24.0
950 950 1 0.0 4.0 28.0 24.0
951 951 1 0.0 8.0 28.0 24.0
952 952 1 0.0 12.0 28.0 24.0
953 953 1 0.0 16.0 28.0 24.0
954 954 1 0.0 20.0 28.0 24.0
955 955 1 0.0 24.0 28.0 24.0
956 956 1 0.0 28.0 28.0 24.0
957 957 1 0.0 32.0 28.0 24.0
958 958 1 0.0 36.0 28.0 24.0
959 959 1 0.0 40.0 28.0 24.0
960 960 1 0.0 44.0 28.0 24.0
961 961 1 0.0 0.0 32.0 24.0
962 962 1 0.0 4.0 32.0 24.0
963 963 1 0.0 8.0 32.0 24.0
964 964 1 0.0 12.0 32.0 24.0
965 965 1 0.0 16.0 32.0 24.0
966 966 1 0.0 20.0 32.0 24.0
967 967 1 0.0 24.0 32.0 24.0
968 968 1 0.0 28.0 32.0 24.0
969 969 1 0.0 32.0 32.0 24.0
970 970 1 0.0 36.0 32.0 24.0
971 971 1 0.0 40.0 32.0 24.0
972 972 1 0.0 44.0 32.0 24.0
973 973 1 0.0 0.0 36.0 24.0
974 974 1 0.0 4.0 36.0 24.0
975 975 1 0.0 8.0 36.0 24.0
976 976 1 0.0 12.0 36.0 24.0
977 977 1 0.0 16.0 36.0 24.0
978 978 1 0.0 20.0 36.0 24.0
979 979 1 0.0 24.0 36.0 24.0
980 980 1 0.0 28.0 36.0 24.0
981 981 1 0.0 32.0 36.0 24.0
982 982 1 0.0 36.0 36.0 24.0
983 983 1 0.0 40.0 36.0 24.0
984 984 1 0.0 44.0 36.0 24.0
985 985 1 0.0 0.0 40.0 24.0
986 986 1 0.0 4.0 40.0 24.0
987 987 1 0.0 8.0 40.0 24.0
988 988 1 0.0 12.0 40.0 24.0
989 989 1 0.0 16.0 40.0 24.0
990 990 1 0.0 20.0 40.0 24.0
991 991 1 0.0 24.0 40.0 24.0
992 992 1 0.0 28.0 40.0 24.0
993 993 1 0.0 32.0 40.0 24.0
994 994 1 0.0 36.0 40.0 24.0
995 995 1 0.0 40.0 40.0 24.0
996 996 1 0.0 44.0 40.0 24.0
997 997 1 0.0 0.0 44.0 24.0
998 998 1 0.0 4.0 44.0 24.0
999 999 1 0.0 8.0 44.0 24.0
1000 1000 1 0.0 12.0 44.0 24.0
1001 1001 1 0.0 16.0 44.0 24.0
1002 1002 1 0.0 20.0 44.0 24.0
1003 1003 1 0.0 24.0 44.0 24.0
1004 1004 1 0.0 28.0 44.0 24.0
1005 1005 1 0.0 32.0 44.0 24.0
1006 1006 1 0.0 36.0 44.0 24.0
1007 1007 1 0.0 40.0 44.0 24.0
1008 1008 1 0.0 44.0 44.0 24.0
1009 1009 1 0.0 0.0 0.0 28.0
1010 1010 1 0.0 4.0 0.0 28.0
1011 1011 1 0.0 8.0 0.0 28.0
1012 1012 1 0.0 12.0 0.0 28.0
1013 1013 1 0.0 16.0 0.0 28.0
1014 1014 1 0.0 20.0 0.0 28.0
1015 1015 1 0.0 24.0 0.0 28.0
1016 1016 1 0.0 28.0 0.0 28.0
1017 1017 1 0.0 32.0 0.0 28.0
1018 1018 1 0.0 36.0 0.0 28.0
1019 1019 1 0.0 40.0 0.0 28.0
1020 1020 1 0.0 44.0 0.0 28.0
1021 1021 1 0.0 0.0 4.0 28.0
1022 1022 1 0.0 4.0 4.0 28.0
1023 1023 1 0.0 8.0 4.0 28.0
1024 1024 1 0.0 12.0 4.0 28.0
1025 1025 1 0.0 16.0 4.0 28.0
1026 1026 1 0.0 20.0 4.0 28.0
1027 1027 1 0.0 24.0 4.0 28.0
1028 1028 1 0.0 28.0 4.0 28.0
1029 1029 1 0.0 32.0 4.0 28.0
1030 1030 1 0.0 36.0 4.0 28.0
1031 1031 1 0.0 40.0 4.0 28.0
1032 1032 1 0.0 44.0 4.0 28.0
1033 1033 1 0.0 0.0 8.0 28.0
1034 1034 1 0.0 4.0 8.0 28.0
1035 1035 1 0.0 8.0 8.0 28.0
1036 1036 1 0.0 12.0 8.0 28.0
1037 1037 1 0.0 16.0 8.0 28.0
1038 1038 1 0.0 20.0 8.0 28.0
1039 1039 1 0.0 24.0 8.0 28.0
1040 1040 1 0.0 28.0 8.0 28.0
1041 1041 1 0.0 32.0 8.0 28.0
1042 1042 1 0.0 36.0 8.0 28.0
1043 1043 1 0.0 40.0 8.0 28.0
1044 1044 1 0.0 44.0 8.0 28.0
1045 1045 1 0.0 0.0 12.0 28.0
1046 1046 1 0.0 4.0 12.0 28.0
1047 1047 1 0.0 8.0 12.0 28.0
1048 1048 1 0.0 12.0 12.0 28.0
1049 1049 1 0.0 16.0 12.0 28.0
1050 1050 1 0.0 20.0 12.0 28.0
1051 1051 1 0.0 24.0 12.0 28.0
1052 1052 1 0.0 28.0 12.0 28.0
1053 1053 1 0.0 32.0 12.0 28.0
1054 1054 1 0.0 36.0 12.0 28.0
1055 1055 1 0.0 40.0 12.0 28.0
1056 1056 1 0.0 44.0 12.0 28.0
1057 1057 1 0.0 0.0 16.0 28.0
1058 1058 1 0.0 4.0 16.0 28.0
1059 1059 1 0.0 8.0 16.0 28.0
1060 1060 1 0.0 12.0 16.0 28.0
1061 1061 1 0.0 16.0 16.0 28.0
1062 1062 1 0.0 20.0 16.0 28.0
1063 1063 1 0.0 24.0 16.0 28.0
1064 1064 1 0.0 28.0 16.0 28.0
1065 1065 1 0.0 32.0 16.0 28.0
1066 1066 1 0.0 36.0 16.0 28.0
1067 1067 1 0.0 40.0 16.0 28.0
1068 1068 1 0.0 44.0 16.0 28.0
1069 1069 1 0.0 0.0 20.0 28.0
1070 1070 1 0.0 4.0 20.0 28.0
1071 1071 1 0.0 8.0 20.0 28.0
1072 1072 1 0.0 12.0 20.0 28.0
1073 1073 1 0.0 16.0 20.0 28.0
1074 1074 1 0.0 20.0 20.0 28.0
1075 1075 1 0.0 24.0 20.0 28.0
1076 1076 1 0.0 28.0 20.0 28.0
1077 1077 1 0.0 32.0 20.0 28.0
1078 1078 1 0.0 36.0 20.0 28.0
1079 1079 1 0.0 40.0 20.0 28.0
1080 1080 1 0.0 44.0 20.0 28.0
1081 1081 1 0.0 0.0 24.0 28.0
1082 1082 1 0.0 4.0 24.0 28.0
1083 1083 1 0.0 8.0 24.0 28.0
1084 1084 1 0.0 12.0 24.0 28.0
1085 1085 1 0.0 16.0 24.0 28.0
1086 1086 1 0.0 20.0 24.0 28.0
1087 1087 1 0.0 24.0 24.0 28.0
1088 1088 1 0.0 28.0 24.0 28.0
1089 1089 1 0.0 32.0 24.0 28.0
1090 1090 1 0.0 36.0 24.0 28.0
1091 1091 1 0.0 40.0 24.0 28.0
1092 1092 1 0.0 44.0 24.0 28.0
1093 1093 1 0.0 0.0 28.0 28.0
1094 1094 1 0.0 4.0 28.0 28.0
1095 1095 1 0.0 8.0 28.0 28.0
1096 1096 1 0.0 12.0 28.0 28.0
1097 1097 1 0.0 16.0 28.0 28.0
1098 1098 1 0.0 20.0 28.0 28.0
1099 1099 1 0.0 24.0 28.0 28.0
1100 1100 1 0.0 28.0 28.0 28.0
1101 1101 1 0.0 32.0 28.0 28.0
1102 1102 1 0.0 36.0 28.0 28.0
1103 1103 1 0.0 40.0 28.0 28.0
1104 1104 1 0.0 44.0 28.0 28.0
1105 1105 1 0.0 0.0 32.0 28.0
1106 1106 1 0.0 4.0 32.0 28.0
1107 1107 1 0.0 8.0 32.0 28.0
1108 1108 1 0.0 12.0 32.0 28.0
1109 1109 1 0.0 16.0 32.0 28.0
1110 1110 1 0.0 20.0 32.0 28.0
1111 1111 1 0.0 24.0 32.0 28.0
1112 1112 1 0.0 28.0 32.0 28.0
1113 1113 1 0.0 32.0 32.0 28.0
1114 1114 1 0.0 36.0 32.0 28.0
1115 1115 1 0.0 40.0 32.0 28.0
1116 1116 1 0.0 44.0 32.0 28.0
1117 1117 1 0.0 0.0 36.0 28.0
1118 1118 1 0.0 4.0 36.0 28.0
1119 1119 1 0.0 8.0 36.0 28.0
1120 1120 1 0.0 12.0 36.0 28.0
1121 1121 1 0.0 16.0 36.0 28.0
1122 1122 1 0.0 20.0 36.0 28.0
1123 1123 1 0.0 24.0 36.0 28.0
1124 1124 1 0.0 28.0 36.0 28.0
1125 1125 1 0.0 32.0 36.0 28.0
1126 1126 1 0.0 36.0 36.0 28.0
1127 1127 1 0.0 40.0 36.0 28.0
1128 1128 1 0.0 44.0 36.0 28.0
1129 1129 1 0.0 0.0 40.0 28.0
1130 1130 1 0.0 4.0 40.0 28.0
1131 1131 1 0.0 8.0 40.0 28.0
1132 1132 1 0.0 12.0 40.0 28.0
1133 1133 1 0.0 16.0 40.0 28.0
1134 1134 1 0.0 20.0 40.0 28.0
1135 1135 1 0.0 24.0 40.0 28.0
1136 1136 1 0.0 28.0 40.0 28.0
1137 1137 1 0.0 32.0 40.0 28.0
1138 1138 1 0.0 36.0 40.0 28.0
1139 1139 1 0.0 40.0 40.0 28.0
1140 1140 1 0.0 44.0 40.0 28.0
1141 1141 1 0.0 0.0 44.0 28.0
1142 1142 1 0.0 4.0 44.0 28.0
1143 1143 1 0.0 8.0 44.0 28.0
1144 1144 1 0.0 12.0 44.0 28.0
1145 1145 1 0.0 16.0 44.0 28.0
1146 1146 1 0.0 20.0 44.0 28.0
1147 1147 1 0.0 24.0 44.0 28.0
1148 1148 1 0.0 28.0 44.0 28.0
1149 1149 1 0.0 32.0 44.0 28.0
1150 1150 1 0.0 36.0 44.0 28.0
1151 1151 1 0.0 40.0 44.0 28.0
1152 1152 1 0.0 44.0 44.0 28.0
1153 1153 1 0.0 0.0 0.0 32.0
1154 1154 1 0.0 4.0 0.0 32.0
1155 1155 1 0.0 8.0 0.0 32.0
1156 1156 1 0.0 12.0 0.0 32.0
1157 1157 1 0.0 16.0 0.0 32.0
1158 1158 1 0.0 20.0 0.0 32.0
1159 1159 1 0.0 24.0 0.0 32.0
1160 1160 1 0.0 28.0 0.0 32.0
1161 1161 1 0.0 32.0 0.0 32.0
1162 1162 1 0.0 36.0 0.0 32.0
1163 1163 1 0.0 40.0 0.0 32.0
1164 1164 1 0.0 44.0 0.0 32.0
1165 1165 1 0.0 0.0 4.0 32.0
1166 1166 1 0.0 4.0 4.0 32.0
1167 1167 1 0.0 8.0 4.0 32.0
1168 1168 1 0.0 12.0 4.0 32.0
1169 1169 1 0.0 16.0 4.0 32.0
1170 1170 1 0.0 20.0 4.0 32.0
1171 1171 1 0.0 24.0 4.0 32.0
1172 1172 1 0.0 28.0 4.0 32.0
1173 1173 1 0.0 32.0 4.0 32.0
1174 1174 1 0.0 36.0 4.0 32.0
1175 1175 1 0.0 40.0 4.0 32.0
1176 1176 1 0.0 44.0 4.0 32.0
1177 1177 1 0.0 0.0 8.0 32.0
1178 1178 1 0.0 4.0 8.0 32.0
1179 1179 1 0.0 8.0 8.0 32.0
1180 1180 1 0.0 12.0 8.0 32.0
1181 1181 1 0.0 16.0 8.0 32.0
1182 1182 1 0.0 20.0 8.0 32.0
1183 1183 1 0.0 24.0 8.0 32.0
1184 1184 1 0.0 28.0 8.0 32.0
1185 1185 1 0.0 32.0 8.0 32.0
1186 1186 1 0.0 36.0 8.0 32.0
1187 1187 1 0.0 40.0 8.0 32.0
1188 1188 1 0.0 44.0 8.0 32.0
1189 1189 1 0.0 0.0 12.0 32.0
1190 1190 1 0.0 4.0 12.0 32.0
1191 1191 1 0.0 8.0 12.0 32.0
1192 1192 1 0.0 12.0 12.0 32.0
1193 1193 1 0.0 16.0 12.0 32.0
1194 1194 1 0.0 20.0 12.0 32.0
1195 1195 1 0.0 24.0 12.0 32.0
1196 1196 1 0.0 28.0 12.0 32.0
1197 1197 1 0.0 32.0 12.0 32.0
1198 1198 1 0.0 36.0 12.0 32.0
1199 1199 1 0.0 40.0 12.0 32.0
1200 1200 1 0.0 44.0 12.0 32.0
1201 1201 1 0.0 0.0 16.0 32.0
1202 1202 1 0.0 4.0 16.0 32.0
1203 1203 1 0.0 8.0 16.0 32.0
1204 1204 1 0.0 12.0 16.0 32.0
1205 1205 1 0.0 16.0 16.0 32.0
1206 1206 1 0.0 20.0 16.0 32.0
1207 1207 1 0.0 24.0 16.0 32.0
1208 1208 1 0.0 28.0 16.0 32.0
1209 1209 1 0.0 32.0 16.0 32.0
1210 1210 1 0.0 36.0 16.0 32.0
1211 1211 1 0.0 40.0 16.0 32.0
1212 1212 1 0.0 44.0 16.0 32.0
1213 1213 1 0.0 0.0 20.0 32.0
1214 1214 1 0.0 4.0 20.0 32.0
1215 1215 1 0.0 8.0 20.0 32.0
1216 1216 1 0.0 12.0 20.0 32.0
1217 1217 1 0.0 16.0 20.0 32.0
1218 1218 1 0.0 20.0 20.0 32.0
1219 1219 1 0.0 24.0 20.0 32.0
1220 1220 1 0.0 28.0 20.0 32.0
1221 1221 1 0.0 32.0 20.0 32.0
1222 1222 1 0.0 36.0 20.0 32.0
1223 1223 1 0.0 40.0 20.0 32.0
1224 1224 1 0.0 44.0 20.0 32.0
1225 1225 1 0.0 0.0 24.0 32.0
1226 1226 1 0.0 4.0 24.0 32.0
1227 1227 1 0.0 8.0 24.0 32.0
1228 1228 1 0.0 12.0 24.0 32.0
1229 1229 1 0.0 16.0 24.0 32.0
1230 1230 1 0.0 20.0 24.0 32.0
1231 1231 1 0.0 24.0 24.0 32.0
1232 1232 1 0.0 28.0 24.0 32.0
1233 1233 1 0.0 32.0 24.0 32.0
1234 1234 1 0.0 36.0 24.0 32.0
1235 1235 1 0.0 40.0 24.0 32.0
1236 1236 1 0.0 44.0 24.0 32.0
1237 1237 1 0.0 0.0 28.0 32.0
1238 1238 1 0.0 4.0 28.0 32.0
1239 1239 1 0.0 8.0 28.0 32.0
1240 1240 1 0.0 12.0 28.0 32.0
1241 1241 1 0.0 16.0 28.0 32.0
1242 1242 1 0.0 20.0 28.0 32.0
1243 1243 1 0.0 24.0 28.0 32.0
1244 1244 1 0.0 28.0 28.0 32.0
1245 1245 1 0.0 32.0 28.0 32.0
1246 1246 1 0.0 36.0 28.0 32.0
1247 1247 1 0.0 40.0 28.0 32.0
1248 1248 1 0.0 44.0 28.0 32.0
1249 1249 1 0.0 0.0 32.0 32.0
1250 1250 1 0.0 4.0 32.0 32.0
1251 1251 1 0.0 8.0 32.0 32.0
1252 1252 1 0.0 12.0 32.0 32.0
1253 1253 1 0.0 16.0 32.0 32.0
1254 1254 1 0.0 20.0 32.0 32.0
1255 1255 1 0.0 24.0 32.0 32.0
1256 1256 1 0.0 28.0 32.0 32.0
1257 1257 1 0.0 32.0 32.0 32.0
1258 1258 1 0.0 36.0 32.0 32.0
1259 1259 1 0.0 40.0 32.0 32.0
1260 1260 1 0.0 44.0 32.0 32.0
1261 1261 1 0.0 0.0 36.0 32.0
1262 1262 1 0.0 4.0 36.0 32.0
1263 1263 1 0.0 8.0 36.0 32.0
1264 1264 1 0.0 12.0 36.0 32.0
1265 1265 1 0.0 16.0 36.0 32.0
1266 1266 1 0.0 20.0 36.0 32.0
1267 1267 1 0.0 24.0 36.0 32.0
1268 1268 1 0.0 28.0 36.0 32.0
1269 1269 1 0.0 32.0 36.0 32.0
1270 1270 1 0.0 36.0 36.0 32.0
1271 1271 1 0.0 40.0 36.0 32.0
1272 1272 1 0.0 44.0 36.0 32.0
1273 1273 1 0.0 0.0 40.0 32.0
1274 1274 1 0.0 4.0 40.0 32.0
1275 1275 1 0.0 8.0 40.0 32.0
1276 1276 1 0.0 12.0 40.0 32.0
1277 1277 1 0.0 16.0 40.0 32.0
1278 1278 1 0.0 20.0 40.0 32.0
1279 1279 1 0.0 24.0 40.0 32.0
1280 1280 1 0.0 28.0 40.0 32.0
1281 1281 1 0.0 32.0 40.0 32.0
1282 1282 1 0.0 36.0 40.0 32.0
1283 1283 1 0.0 40.0 40.0 32.0
1284 1284 1 0.0 44.0 40.0 32.0
1285 1285 1 0.0 0.0 44.0 32.0
1286 1286 1 0.0 4.0 44.0 32.0
1287 1287 1 0.0 8.0 44.0 32.0
1288 1288 1 0.0 12.0 44.0 32.0
1289 1289 1 0.0 16.0 44.0 32.0
1290 1290 1 0.0 20.0 44.0 32.0
1291 1291 1 0.0 24.0 44.0 32.0
1292 1292 1 0.0 28.0 44.0 32.0
1293 1293 1 0.0 32.0 44.0 32.0
1294 1294 1 0.0 36.0 44.0 32.0
1295 1295 1 0.0 40.0 44.0 32.0
1296 1296 1 0.0 44.0 44.0 32.0
1297 1297 1 0.0 0.0 0.0 36.0
1298 1298 1 0.0 4.0 0.0 36.0
1299 1299 1 0.0 8.0 0.0 36.0
1300 1300 1 0.0 12.0 0.0 36.0
1301 1301 1 0.0 16.0 0.0 36.0
1302 1302 1 0.0 20.0 0.0 36.0
1303 1303 1 0.0 24.0 0.0 36.0
1304 1304 1 0.0 28.0 0.0 36.0
1305 1305 1 0.0 32.0 0.0 36.0
1306 1306 1 0.0 36.0 0.0 36.0
1307 1307 1 0.0 40.0 0.0 36.0
1308 1308 1 0.0 44.0 0.0 36.0
1309 1309 1 0.0 0.0 4.0 36.0
1310 1310 1 0.0 4.0 4.0 36.0
1311 1311 1 0.0 8.0 4.0 36.0
1312 1312 1 0.0 12.0 4.0 36.0
1313 1313 1 0.0 16.0 4.0 36.0
1314 1314 1 0.0 20.0 4.0 36.0
1315 1315 1 0.0 24.0 4.0 36.0
1316 1316 1 0.0 28.0 4.0 36.0
1317 1317 1 0.0 32.0 4.0 36.0
1318 1318 1 0.0 36.0 4.0 36.0
1319 1319 1 0.0 40.0 4.0 36.0
1320 1320 1 0.0 44.0 4.0 36.0
1321 1321 1 0.0 0.0 8.0 36.0
1322 1322 1 0.0 4.0 8.0 36.0
1323 1323 1 0.0 8.0 8.0 36.0
1324 1324 1 0.0 12.0 8.0 36.0
1325 1325 1 0.0 16.0 8.0 36.0
1326 1326 1 0.0 20.0 8.0 36.0
1327 1327 1 0.0 24.0 8.0 36.0
1328 1328 1 0.0 28.0 8.0 36.0
1329 1329 1 0.0 32.0 8.0 36.0
1330 1330 1 0.0 36.0 8.0 36.0
1331 1331 1 0.0 40.0 8.0 36.0
1332 1332 1 0.0 44.0 8.0 36.0
1333 1333 1 0.0 0.0 12.0 36.0
1334 1334 1 0.0 4.0 12.0 36.0
1335 1335 1 0.0 8.0 12.0 36.0
1336 1336 1 0.0 12.0 12.0 36.0
1337 1337 1 0.0 16.0 12.0 36.0
1338 1338 1 0.0 20.0 12.0 36.0
1339 1339 1 0.0 24.0 12.0 36.0
1340 1340 1 0.0 28.0 12.0 36.0
1341 1341 1 0.0 32.0 12.0 36.0
1342 1342 1 0.0 36.0 12.0 36.0
1343 1343 1 0.0 40.0 12.0 36.0
1344 1344 1 0.0 44.0 12.0 36.0
1345 1345 1 0.0 0.0 16.0 36.0
1346 1346 1 0.0 4.0 16.0 36.0
1347 1347 1 0.0 8.0 16.0 36.0
1348 1348 1 0.0 12.0 16.0 36.0
1349 1349 1 0.0 16.0 16.0 36.0
1350 1350 1 0.0 20.0 16.0 36.0
1351 1351 1 0.0 24.0 16.0 36.0
1352 1352 1 0.0 28.0 16.0 36.0
1353 1353 1 0.0 32.0 16.0 36.0
1354 1354 1 0.0 36.0 16.0 36.0
1355 1355 1 0.0 40.0 16.0 36.0
1356 1356 1 0.0 44.0 16.0 36.0
1357 1357 1 0.0 0.0 20.0 36.0
1358 1358 1 0.0 4.0 20.0 36.0
1359 1359 1 0.0 8.0 20.0 36.0
1360 1360 1 0.0 12.0 20.0 36.0
1361 1361 1 0.0 16.0 20.0 36.0
1362 1362 1 0.0 20.0 20.0 36.0
1363 1363 1 0.0 24.0 20.0 36.0
1364 1364 1 0.0 28.0 20.0 36.0
1365 1365 1 0.0 32.0 20.0 36.0
1366 1366 1 0.0 36.0 20.0 36.0
1367 1367 1 0.0 40.0 20.0 36.0
1368 1368 1 0.0 44.0 20.0 36.0
1369 1369 1 0.0 0.0 24.0 36.0
1370 1370 1 0.0 4.0 24.0 36.0
1371 1371 1 0.0 8.0 24.0 36.0
1372 1372 1 0.0 12.0 24.0 36.0
1373 1373 1 0.0 16.0 24.0 36.0
1374 1374 1 0.0 20.0 24.0 36.0
1375 1375 1 0.0 24.0 24.0 36.0
1376 1376 1 0.0 28.0 24.0 36.0
1377 1377 1 0.0 32.0 24.0 36.0
1378 1378 1 0.0 36.0 24.0 36.0
1379 1379 1 0.0 40.0 24.0 36.0
1380 1380 1 0.0 44.0 24.0 36.0
1381 1381 1 0.0 0.0 28.0 36.0
1382 1382 1 0.0 4.0 28.0 36.0
1383 1383 1 0.0 8.0 28.0 36.0
1384 1384 1 0.0 12.0 28.0 36.0
1385 1385 1 0.0 16.0 28.0 36.0
1386 1386 1 0.0 20.0 28.0 36.0
1387 1387 1 0.0 24.0 28.0 36.0
1388 1388 1 0.0 28.0 28.0 36.0
1389 1389 1 0.0 32.0 28.0 36.0
1390 1390 1 0.0 36.0 28.0 36.0
1391 1391 1 0.0 40.0 28.0 36.0
1392 1392 1 0.0 44.0 28.0 36.0
1393 1393 1 0.0 0.0 32.0 36.0
1394 1394 1 0.0 4.0 32.0 36.0
1395 1395 1 0.0 8.0 32.0 36.0
1396 1396 1 0.0 12.0 32.0 36.0
1397 1397 1 0.0 16.0 32.0 36.0
1398 1398 1 0.0 20.0 32.0 36.0
1399 1399 1 0.0 24.0 32.0 36.0
1400 1400 1 0.0 28.0 32.0 36.0
1401 1401 1 0.0 32.0 32.0 36.0
1402 1402 1 0.0 36.0 32.0 36.0
1403 1403 1 0.0 40.0 32.0 36.0
1404 1404 1 0.0 44.0 32.0 36.0
1405 1405 1 0.0 0.0 36.0 36.0
1406 1406 1 0.0 4.0 36.0 36.0
1407 1407 1 0.0 8.0 36.0 36.0
1408 1408 1 0.0 12.0 36.0 36.0
1409 1409 1 0.0 16.0 36.0 36.0
1410 1410 1 0.0 20.0 36.0 36.0
1411 1411 1 0.0 24.0 36.0 36.0
1412 1412 1 0.0 28.0 36.0 36.0
1413 1413 1 0.0 32.0 36.0 36.0
1414 1414 1 0.0 36.0 36.0 36.0
1415 1415 1 0.0 40.0 36.0 36.0
1416 1416 1 0.0 44.0 36.0 36.0
1417 1417 1 0.0 0.0 40.0 36.0
1418 1418 1 0.0 4.0 40.0 36.0
1419 1419 1 0.0 8.0 40.0 36.0
1420 1420 1 0.0 12.0 40.0 36.0
1421 1421 1 0.0 16.0 40.0 36.0
1422 1422 1 0.0 20.0 40.0 36.0
1423 1423 1 0.0 24.0 40.0 36.0
1424 1424 1 0.0 28.0 40.0 36.0
1425 1425 1 0.0 32.0 40.0 36.0
1426 1426 1 0.0 36.0 40.0 36.0
1427 1427 1 0.0 40.0 40.0 36.0
1428 1428 1 0.0 44.0 40.0 36.0
1429 1429 1 0.0 0.0 44.0 36.0
1430 1430 1 0.0 4.0 44.0 36.0
1431 1431 1 0.0 8.0 44.0 36.0
1432 1432 1 0.0 12.0 44.0 36.0
1433 1433 1 0.0 16.0 44.0 36.0
1434 1434 1 0.0 20.0 44.0 36.0
1435 1435 1 0.0 24.0 44.0 36.0
1436 1436 1 0.0 28.0 44.0 36.0
1437 1437 1 0.0 32.0 44.0 36.0
1438 1438 1 0.0 36.0 44.0 36.0
1439 1439 1 0.0 40.0 44.0 36.0
1440 1440 1 0.0 44.0 44.0 36.0
1441 1441 1 0.0 0.0 0.0 40.0
1442 1442 1 0.0 4.0 0.0 40.0
1443 1443 1 0.0 8.0 0.0 40.0
1444 1444 1 0.0 12.0 0.0 40.0
1445 1445 1 0.0 16.0 0.0 40.0
1446 1446 1 0.0 20.0 0.0 40.0
1447 1447 1 0.0 24.0 0.0 40.0
1448 1448 1 0.0 28.0 0.0 40.0
1449 1449 1 0.0 32.0 0.0 40.0
1450 1450 1 0.0 36.0 0.0 40.0
1451 1451 1 0.0 40.0 0.0 40.0
1452 1452 1 0.0 44.0 0.0 40.0
1453 1453 1 0.0 0.0 4.0 40.0
1454 1454 1 0.0 4.0 4.0 40.0
1455 1455 1 0.0 8.0 4.0 40.0
1456 1456 1 0.0 12.0 4.0 40.0
1457 1457 1 0.0 16.0 4.0 40.0
1458 1458 1 0.0 20.0 4.0 40.0
1459 1459 1 0.0 24.0 4.0 40.0
1460 1460 1 0.0 28.0 4.0 40.0
1461 1461 1 0.0 32.0 4.0 40.0
1462 1462 1 0.0 36.0 4.0 40.0
1463 1463 1 0.0 40.0 4.0 40.0
1464 1464 1 0.0 44.0 4.0 40.0
1465 1465 1 0.0 0.0 8.0 40.0
1466 1466 1 0.0 4.0 8.0 40.0
1467 1467 1 0.0 8.0 8.0 40.0
1468 1468 1 0.0 12.0 8.0 40.0
1469 1469 1 0.0 16.0 8.0 40.0
1470 1470 1 0.0 20.0 8.0 40.0
1471 1471 1 0.0 24.0 8.0 40.0
1472 1472 1 0.0 28.0 8.0 40.0
1473 1473 1 0.0 32.0 8.0 40.0
1474 1474 1 0.0 36.0 8.0 40.0
1475 1475 1 0.0 40.0 8.0 40.0
1476 1476 1 0.0 44.0 8.0 40.0
1477 1477 1 0.0 0.0 12.0 40.0
1478 1478 1 0.0 4.0 12.0 40.0
1479 1479 1 0.0 8.0 12.0 40.0
1480 1480 1 0.0 12.0 12.0 40.0
1481 1481 1 0.0 16.0 12.0 40.0
1482 1482 1 0.0 20.0 12.0 40.0
1483 1483 1 0.0 24.0 12.0 40.0
1484 1484 1 0.0 28.0 12.0 40.0
1485 1485 1 0.0 32.0 12.0 40.0
1486 1486 1 0.0 36.0 12.0 40.0
1487 1487 1 0.0 40.0 12.0 40.0
1488 1488 1 0.0 44.0 12.0 40.0
1489 1489 1 0.0 0.0 16.0 40.0
1490 1490 1 0.0 4.0 16.0 40.0
1491 1491 1 0.0 8.0 16.0 40.0
1492 1492 1 0.0 12.0 16.0 40.0
1493 1493 1 0.0 16.0 16.0 40.0
1494 1494 1 0.0 20.0 16.0 40.0
1495 1495 1 0.0 24.0 16.0 40.0
1496 1496 1 0.0 28.0 16.0 40.0
1497 1497 1 0.0 32.0 16.0 40.0
1498 1498 1 0.0 36.0 16.0 40.0
1499 1499 1 0.0 40.0 16.0 40.0
1500 1500 1 0.0 44.0 16.0 40.0
1501 1501 1 0.0 0.0 20.0 40.0
1502 1502 1 0.0 4.0 20.0 40.0
1503 1503 1 0.0 8.0 20.0 40.0
1504 1504 1 0.0 12.0 20.0 40.0
1505 1505 1 0.0 16.0 20.0 40.0
1506 1506 1 0.0 20.0 20.0 40.0
1507 1507 1 0.0 24.0 20.0 40.0
1508 1508 1 0.0 28.0 20.0 40.0
1509 1509 1 0.0 32.0 20.0 40.0
1510 1510 1 0.0 36.0 20.0 40.0
1511 1511 1 0.0 40.0 20.0 40.0
1512 1512 1 0.0 44.0 20.0 40.0
1513 1513 1 0.0 0.0 24.0 40.0
1514 1514 1 0.0 4.0 24.0 40.0
1515 1515 1 0.0 8.0 24.0 40.0
1516 1516 1 0.0 12.0 24.0 40.0
1517 1517 1 0.0 16.0 24.0 40.0
1518 1518 1 0.0 20.0 24.0 40.0
1519 1519 1 0.0 24.0 24.0 40.0
1520 1520 1 0.0 28.0 24.0 40.0
1521 1521 1 0.0 32.0 24.0 40.0
1522 1522 1 0.0 36.0 24.0 40.0
1523 1523 1 0.0 40.0 24.0 40.0
1524 1524 1 0.0 44.0 24.0 40.0
1525 1525 1 0.0 0.0 28.0 40.0
1526 1526 1 0.0 4.0 28.0 40.0
1527 1527 1 0.0 8.0 28.0 40.0
1528 1528 1 0.0 12.0 28.0 40.0
1529 1529 1 0.0 16.0 28.0 40.0
1530 1530 1 0.0 20.0 28.0 40.0
1531 1531 1 0.0 24.0 28.0 40.0
1532 1532 1 0.0 28.0 28.0 40.0
1533 1533 1 0.0 32.0 28.0 40.0
1534 1534 1 0.0 36.0 28.0 40.0
1535 1535 1 0.0 40.0 28.0 40.0
1536 1536 1 0.0 44.0 28.0 40.0
1537 1537 1 0.0 0.0 32.0 40.0
1538 1538 1 0.0 4.0 32.0 40.0
1539 1539 1 0.0 8.0 32.0 40.0
1540 1540 1 0.0 12.0 32.0 40.0
1541 1541 1 0.0 16.0 32.0 40.0
1542 1542 1 0.0 20.0 32.0 40.0
1543 1543 1 0.0 24.0 32.0 40.0
1544 1544 1 0.0 28.0 32.0 40.0
1545 1545 1 0.0 32.0 32.0 40.0
1546 1546 1 0.0 36.0 32.0 40.0
1547 1547 1 0.0 40.0 32.0 40.0
1548 1548 1 0.0 44.0 32.0 40.0
1549 1549 1 0.0 0.0 36.0 40.0
1550 1550 1 0.0 4.0 36.0 40.0
1551 1551 1 0.0 8.0 36.0 40.0
1552 1552 1 0.0 12.0 36.0 40.0
1553 1553 1 0.0 16.0 36.0 40.0
1554 1554 1 0.0 20.0 36.0 40.0
1555 1555 1 0.0 24.0 36.0 40.0
1556 1556 1 0.0 28.0 36.0 40.0
1557 1557 1 0.0 32.0 36.0 40.0
1558 1558 1 0.0 36.0 36.0 40.0
1559 1559 1 0.0 40.0 36.0 40.0
1560 1560 1 0.0 44.0 36.0 40.0
1561 1561 1 0.0 0.0 40.0 40.0
1562 1562 1 0.0 4.0 40.0 40.0
1563 1563 1 0.0 8.0 40.0 40.0
1564 1564 1 0.0 12.0 40.0 40.0
1565 1565 1 0.0 16.0 40.0 40.0
1566 1566 1 0.0 20.0 40.0 40.0
1567 1567 1 0.0 24.0 40.0 40.0
1568 1568 1 0.0 28.0 40.0 40.0
1569 1569 1 0.0 32.0 40.0 40.0
1570 1570 1 0.0 36.0 40.0 40.0
1571 1571 1 0.0 40.0 40.0 40.0
1572 1572 1 0.0 44.0 40.0 40.0
1573 1573 1 0.0 0.0 44.0 40.0
1574 1574 1 0.0 4.0 44.0 40.0
1575 1575 1 0.0 8.0 44.0 40.0
1576 1576 1 0.0 12.0 44.0 40.0
1577 1577 1 0.0 16.0 44.0 40.0
1578 1578 1 0.0 20.0 44.0 40.0
1579 1579 1 0.0 24.0 44.0 40.0
1580 1580 1 0.0 28.0 44.0 40.0
1581 1581 1 0.0 32.0 44.0 40.0
1582 1582 1 0.0 36.0 44.0 40.0
1583 1583 1 0.0 40.0 44.0 40.0
1584 1584 1 0.0 44.0 44.0 40.0
1585 1585 1 0.0 0.0 0.0 44.0
1586 1586 1 0.0 4.0 0.0 44.0
1587 1587 1 0.0 8.0 0.0 44.0
1588 1588 1 0.0 12.0 0.0 44.0
1589 1589 1 0.0 16.0 0.0 44.0
1590 1590 1 0.0 20.0 0.0 44.0
1591 1591 1 0.0 24.0 0.0 44.0
1592 1592 1 0.0 28.0 0.0 44.0
1593 1593 1 0.0 32.0 0.0 44.0
1594 1594 1 0.0 36.0 0.0 44.0
1595 1595 1 0.0 40.0 0.0 44.0
1596 1596 1 0.0 44.0 0.0 44.0
1597 1597 1 0.0 0.0 4.0 44.0
1598 1598 1 0.0 4.0 4.0 44.0
1599 1599 1 0.0 8.0 4.0 44.0
1600 1600 1 0.0 12.0 4.0 44.0
1601 1601 1 0.0 16.0 4.0 44.0
1602 1602 1 0.0 20.0 4.0 44.0
1603 1603 1 0.0 24.0 4.0 44.0
1604 1604 1 0.0 28.0 4.0 44.0
1605 1605 1 0.0 32.0 4.0 44.0
1606 1606 1 0.0 36.0 4.0 44.0
1607 1607 1 0.0 40.0 4.0 44.0
1608 1608 1 0.0 44.0 4.0 44.0
1609 1609 1 0.0 0.0 8.0 44.0
1610 1610 1 0.0 4.0 8.0 44.0
1611 1611 1 0.0 8.0 8.0 44.0
1612 1612 1 0.0 12.0 8.0 44.0
1613 1613 1 0.0 16.0 8.0 44.0
1614 1614 1 0.0 20.0 8.0 44.0
1615 1615 1 0.0 24.0 8.0 44.0
1616 1616 1 0.0 28.0 8.0 44.0
1617 1617 1 0.0 32.0 8.0 44.0
1618 1618 1 0.0 36.0 8.0 44.0
1619 1619 1 0.0 40.0 8.0 44.0
1620 1620 1 0.0 44.0 8.0 44.0
1621 1621 1 0.0 0.0 12.0 44.0
1622 1622 1 0.0 4.0 12.0 44.0
1623 1623 1 0.0 8.0 12.0 44.0
1624 1624 1 0.0 12.0 12.0 44.0
1625 1625 1 0.0 16.0 12.0 44.0
1626 1626 1 0.0 20.0 12.0 44.0
1627 1627 1 0.0 24.0 12.0 44.0
1628 1628 1 0.0 28.0 12.0 44.0
1629 1629 1 0.0 32.0 12.0 44.0
1630 1630 1 0.0 36.0 12.0 44.0
1631 1631 1 0.0 40.0 12.0 44.0
1632 1632 1 0.0 44.0 12.0 44.0
1633 1633 1 0.0 0.0 16.0 44.0
1634 1634 1 0.0 4.0 16.0 44.0
1635 1635 1 0.0 8.0 16.0 44.0
1636 1636 1 0.0 12.0 16.0 44.0
1637 1637 1 0.0 16.0 16.0 44.0
1638 1638 1 0.0 20.0 16.0 44.0
1639 1639 1 0.0 24.0 16.0 44.0
1640 1640 1 0.0 28.0 16.0 44.0
1641 1641 1 0.0 32.0 16.0 44.0
1642 1642 1 0.0 36.0 16.0 44.0
1643 1643 1 0.0 40.0 16.0 44.0
1644 1644 1 0.0 44.0 16.0 44.0
1645 1645 1 0.0 0.0 20.0 44.0
1646 1646 1 0.0 4.0 20.0 44.0
1647 1647 1 0.0 8.0 20.0 44.0
1648 1648 1 0.0 12.0 20.0 44.0
1649 1649 1 0.0 16.0 20.0 44.0
1650 1650 1 0.0 20.0 20.0 44.0
1651 1651 1 0.0 24.0 20.0 44.0
1652 1652 1 0.0 28.0 20.0 44.0
1653 1653 1 0.0 32.0 20.0 44.0
1654 1654 1 0.0 36.0 20.0 44.0
1655 1655 1 0.0 40.0 20.0 44.0
1656 1656 1 0.0 44.0 20.0 44.0
1657 1657 1 0.0 0.0 24.0 44.0
1658 1658 1 0.0 4.0 24.0 44.0
1659 1659 1 0.0 8.0 24.0 44.0
1660 1660 1 0.0 12.0 24.0 44.0
1661 1661 1 0.0 16.0 24.0 44.0
1662 1662 1 0.0 20.0 24.0 44.0
1663 1663 1 0.0 24.0 24.0 44.0
1664 1664 1 0.0 28.0 24.0 44.0
1665 1665 1 0.0 32.0 24.0 44.0
1666 1666 1 0.0 36.0 24.0 44.0
1667 1667 1 0.0 40.0 24.0 44.0
1668 1668 1 0.0 44.0 24.0 44.0
1669 1669 1 0.0 0.0 28.0 44.0
1670 1670 1 0.0 4.0 28.0 44.0
1671 1671 1 0.0 8.0 28.0 44.0
1672 1672 1 0.0 12.0 28.0 44.0
1673 1673 1 0.0 16.0 28.0 44.0
1674 1674 1 0.0 20.0 28.0 44.0
1675 1675 1 0.0 24.0 28.0 44.0
1676 1676 1 0.0 28.0 28.0 44.0
1677 1677 1 0.0 32.0 28.0 44.0
1678 1678 1 0.0 36.0 28.0 44.0
1679 1679 1 0.0 40.0 28.0 44.0
1680 1680 1 0.0 44.0 28.0 44.0
1681 1681 1 0.0 0.0 32.0 44.0
1682 1682 1 0.0 4.0 32.0 44.0
1683 1683 1 0.0 8.0 32.0 44.0
1684 1684 1 0.0 12.0 32.0 44.0
1685 1685 1 0.0 16.0 32.0 44.0
1686 1686 1 0.0 20.0 32.0 44.0
1687 1687 1 0.0 24.0 32.0 44.0
1688 1688 1 0.0 28.0 32.0 44.0
1689 1689 1 0.0 32.0 32.0 44.0
1690 1690 1 0.0 36.0 32.0 44.0
1691 1691 1 0.0 40.0 32.0 44.0
1692 1692 1 0.0 44.0 32.0 44.0
1693 1693 1 0.0 0.0 36.0 44.0
1694 1694 1 0.0 4.0 36.0 44.0
1695 1695 1 0.0 8.0 36.0 44.0
1696 1696 1 0.0 12.0 36.0 44.0
1697 1697 1 0.0 16.0 36.0 44.0
1698 1698 1 0.0 20.0 36.0 44.0
1699 1699 1 0.0 24.0 36.0 44.0
1700 1700 1 0.0 28.0 36.0 44.0
1701 1701 1 0.0 32.0 36.0 44.0
1702 1702 1 0.0 36.0 36.0 44.0
1703 1703 1 0.0 40.0 36.0 44.0
1704 1704 1 0.0 44.0 36.0 44.0
1705 1705 1 0.0 0.0 40.0 44.0
1706 1706 1 0.0 4.0 40.0 44.0
1707 1707 1 0.0 8.0 40.0 44.0
1708 1708 1 0.0 12.0 40.0 44.0
1709 1709 1 0.0 16.0 40.0 44.0
1710 1710 1 0.0 20.0 40.0 44.0
1711 1711 1 0.0 24.0 40.0 44.0
1712 1712 1 0.0 28.0 40.0 44.0
1713 1713 1 0.0 32.0 40.0 44.0
1714 1714 1 0.0 36.0 40.0 44.0
1715 1715 1 0.0 40.0 40.0 44.0
1716 1716 1 0.0 44.0 40.0 44.0
1717 1717 1 0.0 0.0 44.0 44.0
1718 1718 1 0.0 4.0 44.0 44.0
1719 1719 1 0.0 8.0 44.0 44.0
1720 1720 1 0.0 12.0 44.0 44.0
1721 1721 1 0.0 16.0 44.0 44.0
1722 1722 1 0.0 20.0 44.0 44.0
1723 1723 1 0.0 24.0 44.0 44.0
1724 1724 1 0.0 28.0 44.0 44.0
1725 1725 1 0.0 32.0 44.0 44.0
1726 1726 1 0.0 36.0 44.0 44.0
1727 1727 1 0.0 40.0 44.0 44.0
1728 1728 1 0.0 44.0 44.0 44.0
1729 1729 2 0.0 6.0 8.94118 6.0
1730 1729 2 0.0 6.0 8.54714 7.47059
1731 1729 2 0.0 6.0 7.47059 8.54714
1732 1729 2 0.0 6.0 6.0 8.94118
1733 1729 2 0.0 6.0 4.52941 8.54714
1734 1729 2 0.0 6.0 3.45286 7.47059
1735 1729 2 0.0 6.0 3.05882 6.0
1736 1729 2 0.0 6.0 3.45286 4.52941
1737 1729 2 0.0 6.0 4.52941 3.45286
1738 1729 2 0.0 6.0 6.0 3.05882
1739 1729 2 0.0 6.0 7.47059 3.45286
1740 1729 2 0.0 6.0 8.54714 4.52941
1741 1730 2 0.0 18.0 8.94118 6.0
1742 1730 2 0.0 18.0 8.54714 7.47059
1743 1730 2 0.0 18.0 7.47059 8.54714
1744 1730 2 0.0 18.0 6.0 8.94118
1745 1730 2 0.0 18.0 4.52941 8.54714
1746 1730 2 0.0 18.0 3.45286 7.47059
1747 1730 2 0.0 18.0 3.05882 6.0
1748 1730 2 0.0 18.0 3.45286 4.52941
1749 1730 2 0.0 18.0 4.52941 3.45286
1750 1730 2 0.0 18.0 6.0 3.05882
1751 1730 2 0.0 18.0 7.47059 3.45286
1752 1730 2 0.0 18.0 8.54714 4.52941
1753 1731 2 0.0 30.0 8.94118 6.0
1754 1731 2 0.0 30.0 8.54714 7.47059
1755 1731 2 0.0 30.0 7.47059 8.54714
1756 1731 2 0.0 30.0 6.0 8.94118
1757 1731 2 0.0 30.0 4.52941 8.54714
1758 1731 2 0.0 30.0 3.45286 7.47059
1759 1731 2 0.0 30.0 3.05882 6.0
1760 1731 2 0.0 30.0 3.45286 4.52941
1761 1731 2 0.0 30.0 4.52941 3.45286
1762 1731 2 0.0 30.0 6.0 3.05882
1763 1731 2 0.0 30.0 7.47059 3.45286
1764 1731 2 0.0 30.0 8.54714 4.52941
1765 1732 2 0.0 42.0 8.94118 6.0
1766 1732 2 0.0 42.0 8.54714 7.47059
1767 1732 2 0.0 42.0 7.47059 8.54714
1768 1732 2 0.0 42.0 6.0 8.94118
1769 1732 2 0.0 42.0 4.52941 8.54714
1770 1732 2 0.0 42.0 3.45286 7.47059
1771 1732 2 0.0 42.0 3.05882 6.0
1772 1732 2 0.0 42.0 3.45286 4.52941
1773 1732 2 0.0 42.0 4.52941 3.45286
1774 1732 2 0.0 42.0 6.0 3.05882
1775 1732 2 0.0 42.0 7.47059 3.45286
1776 1732 2 0.0 42.0 8.54714 4.52941
1777 1733 2 0.0 6.0 20.94118 6.0
1778 1733 2 0.0 6.0 20.54714 7.47059
1779 1733 2 0.0 6.0 19.47059 8.54714
1780 1733 2 0.0 6.0 18.0 8.94118
1781 1733 2 0.0 6.0 16.52941 8.54714
1782 1733 2 0.0 6.0 15.45286 7.47059
1783 1733 2 0.0 6.0 15.05882 6.0
1784 1733 2 0.0 6.0 15.45286 4.52941
1785 1733 2 0.0 6.0 16.52941 3.45286
1786 1733 2 0.0 6.0 18.0 3.05882
1787 1733 2 0.0 6.0 19.47059 3.45286
1788 1733 2 0.0 6.0 20.54714 4.52941
1789 1734 2 0.0 18.0 20.94118 6.0
1790 1734 2 0.0 18.0 20.54714 7.47059
1791 1734 2 0.0 18.0 19.47059 8.54714
1792 1734 2 0.0 18.0 18.0 8.94118
1793 1734 2 0.0 18.0 16.52941 8.54714
1794 1734 2 0.0 18.0 15.45286 7.47059
1795 1734 2 0.0 18.0 15.05882 6.0
1796 1734 2 0.0 18.0 15.45286 4.52941
1797 1734 2 0.0 18.0 16.52941 3.45286
1798 1734 2 0.0 18.0 18.0 3.05882
1799 1734 2 0.0 18.0 19.47059 3.45286
1800 1734 2 0.0 18.0 20.54714 4.52941
1801 1735 2 0.0 30.0 20.94118 6.0
1802 1735 2 0.0 30.0 20.54714 7.47059
1803 1735 2 0.0 30.0 19.47059 8.54714
1804 1735 2 0.0 30.0 18.0 8.94118
1805 1735 2 0.0 30.0 16.52941 8.54714
1806 1735 2 0.0 30.0 15.45286 7.47059
1807 1735 2 0.0 30.0 15.05882 6.0
1808 1735 2 0.0 30.0 15.45286 4.52941
1809 1735 2 0.0 30.0 16.52941 3.45286
1810 1735 2 0.0 30.0 18.0 3.05882
1811 1735 2 0.0 30.0 19.47059 3.45286
1812 1735 2 0.0 30.0 20.54714 4.52941
1813 1736 2 0.0 42.0 20.94118 6.0
1814 1736 2 0.0 42.0 20.54714 7.47059
1815 1736 2 0.0 42.0 19.47059 8.54714
1816 1736 2 0.0 42.0 18.0 8.94118
1817 1736 2 0.0 42.0 16.52941 8.54714
1818 1736 2 0.0 42.0 15.45286 7.47059
1819 1736 2 0.0 42.0 15.05882 6.0
1820 1736 2 0.0 42.0 15.45286 4.52941
1821 1736 2 0.0 42.0 16.52941 3.45286
1822 1736 2 0.0 42.0 18.0 3.05882
1823 1736 2 0.0 42.0 19.47059 3.45286
1824 1736 2 0.0 42.0 20.54714 4.52941
1825 1737 2 0.0 6.0 32.94118 6.0
1826 1737 2 0.0 6.0 32.54714 7.47059
1827 1737 2 0.0 6.0 31.47059 8.54714
1828 1737 2 0.0 6.0 30.0 8.94118
1829 1737 2 0.0 6.0 28.52941 8.54714
1830 1737 2 0.0 6.0 27.45286 7.47059
1831 1737 2 0.0 6.0 27.05882 6.0
1832 1737 2 0.0 6.0 27.45286 4.52941
1833 1737 2 0.0 6.0 28.52941 3.45286
1834 1737 2 0.0 6.0 30.0 3.05882
1835 1737 2 0.0 6.0 31.47059 3.45286
1836 1737 2 0.0 6.0 32.54714 4.52941
1837 1738 2 0.0 18.0 32.94118 6.0
1838 1738 2 0.0 18.0 32.54714 7.47059
1839 1738 2 0.0 18.0 31.47059 8.54714
1840 1738 2 0.0 18.0 30.0 8.94118
1841 1738 2 0.0 18.0 28.52941 8.54714
1842 1738 2 0.0 18.0 27.45286 7.47059
1843 1738 2 0.0 18.0 27.05882 6.0
1844 1738 2 0.0 18.0 27.45286 4.52941
1845 1738 2 0.0 18.0 28.52941 3.45286
1846 1738 2 0.0 18.0 30.0 3.05882
1847 1738 2 0.0 18.0 31.47059 3.45286
1848 1738 2 0.0 18.0 32.54714 4.52941
1849 1739 2 0.0 30.0 32.94118 6.0
1850 1739 2 0.0 30.0 32.54714 7.47059
1851 1739 2 0.0 30.0 31.47059 8.54714
1852 1739 2 0.0 30.0 30.0 8.94118
1853 1739 2 0.0 30.0 28.52941 8.54714
1854 1739 2 0.0 30.0 27.45286 7.47059
1855 1739 2 0.0 30.0 27.05882 6.0
1856 1739 2 0.0 30.0 27.45286 4.52941
1857 1739 2 0.0 30.0 28.52941 3.45286
1858 1739 2 0.0 30.0 30.0 3.05882
1859 1739 2 0.0 30.0 31.47059 3.45286
1860 1739 2 0.0 30.0 32.54714 4.52941
1861 1740 2 0.0 42.0 32.94118 6.0
1862 1740 2 0.0 42.0 32.54714 7.47059
1863 1740 2 0.0 42.0 31.47059 8.54714
1864 1740 2 0.0 42.0 30.0 8.94118
1865 1740 2 0.0 42.0 28.52941 8.54714
1866 1740 2 0.0 42.0 27.45286 7.47059
1867 1740 2 0.0 42.0 27.05882 6.0
1868 1740 2 0.0 42.0 27.45286 4.52941
1869 1740 2 0.0 42.0 28.52941 3.45286
1870 1740 2 0.0 42.0 30.0 3.05882
1871 1740 2 0.0 42.0 31.47059 3.45286
1872 1740 2 0.0 42.0 32.54714 4.52941
1873 1741 2 0.0 6.0 44.94118 6.0
1874 1741 2 0.0 6.0 44.54714 7.47059
1875 1741 2 0.0 6.0 43.47059 8.54714
1876 1741 2 0.0 6.0 42.0 8.94118
1877 1741 2 0.0 6.0 40.52941 8.54714
1878 1741 2 0.0 6.0 39.45286 7.47059
1879 1741 2 0.0 6.0 39.05882 6.0
1880 1741 2 0.0 6.0 39.45286 4.52941
1881 1741 2 0.0 6.0 40.52941 3.45286
1882 1741 2 0.0 6.0 42.0 3.05882
1883 1741 2 0.0 6.0 43.47059 3.45286
1884 1741 2 0.0 6.0 44.54714 4.52941
1885 1742 2 0.0 18.0 44.94118 6.0
1886 1742 2 0.0 18.0 44.54714 7.47059
1887 1742 2 0.0 18.0 43.47059 8.54714
1888 1742 2 0.0 18.0 42.0 8.94118
1889 1742 2 0.0 18.0 40.52941 8.54714
1890 1742 2 0.0 18.0 39.45286 7.47059
1891 1742 2 0.0 18.0 39.05882 6.0
1892 1742 2 0.0 18.0 39.45286 4.52941
1893 1742 2 0.0 18.0 40.52941 3.45286
1894 1742 2 0.0 18.0 42.0 3.05882
1895 1742 2 0.0 18.0 43.47059 3.45286
1896 1742 2 0.0 18.0 44.54714 4.52941
1897 1743 2 0.0 30.0 44.94118 6.0
1898 1743 2 0.0 30.0 44.54714 7.47059
1899 1743 2 0.0 30.0 43.47059 8.54714
1900 1743 2 0.0 30.0 42.0 8.94118
1901 1743 2 0.0 30.0 40.52941 8.54714
1902 1743 2 0.0 30.0 39.45286 7.47059
1903 1743 2 0.0 30.0 39.05882 6.0
1904 1743 2 0.0 30.0 39.45286 4.52941
1905 1743 2 0.0 30.0 40.52941 3.45286
1906 1743 2 0.0 30.0 42.0 3.05882
1907 1743 2 0.0 30.0 43.47059 3.45286
1908 1743 2 0.0 30.0 44.54714 4.52941
1909 1744 2 0.0 42.0 44.94118 6.0
1910 1744 2 0.0 42.0 44.54714 7.47059
1911 1744 2 0.0 42.0 43.47059 8.54714
1912 1744 2 0.0 42.0 42.0 8.94118
1913 1744 2 0.0 42.0 40.52941 8.54714
1914 1744 2 0.0 42.0 39.45286 7.47059
1915 1744 2 0.0 42.0 39.05882 6.0
1916 1744 2 0.0 42.0 39.45286 4.52941
1917 1744 2 0.0 42.0 40.52941 3.45286
1918 1744 2 0.0 42.0 42.0 3.05882
1919 1744 2 0.0 42.0 43.47059 3.45286
1920 1744 2 0.0 42.0 44.54714 4.52941
1921 1745 2 0.0 6.0 8.94118 18.0
1922 1745 2 0.0 6.0 8.54714 19.47059
1923 1745 2 0.0 6.0 7.47059 20.54714
1924 1745 2 0.0 6.0 6.0 20.94118
1925 1745 2 0.0 6.0 4.52941 20.54714
1926 1745 2 0.0 6.0 3.45286 19.47059
1927 1745 2 0.0 6.0 3.05882 18.0
1928 1745 2 0.0 6.0 3.45286 16.52941
1929 1745 2 0.0 6.0 4.52941 15.45286
1930 1745 2 0.0 6.0 6.0 15.05882
1931 1745 2 0.0 6.0 7.47059 15.45286
1932 1745 2 0.0 6.0 8.54714 16.52941
1933 1746 2 0.0 18.0 8.94118 18.0
1934 1746 2 0.0 18.0 8.54714 19.47059
1935 1746 2 0.0 18.0 7.47059 20.54714
1936 1746 2 0.0 18.0 6.0 20.94118
1937 1746 2 0.0 18.0 4.52941 20.54714
1938 1746 2 0.0 18.0 3.45286 19.47059
1939 1746 2 0.0 18.0 3.05882 18.0
1940 1746 2 0.0 18.0 3.45286 16.52941
1941 1746 2 0.0 18.0 4.52941 15.45286
1942 1746 2 0.0 18.0 6.0 15.05882
1943 1746 2 0.0 18.0 7.47059 15.45286
1944 1746 2 0.0 18.0 8.54714 16.52941
1945 1747 2 0.0 30.0 8.94118 18.0
1946 1747 2 0.0 30.0 8.54714 19.47059
1947 1747 2 0.0 30.0 7.47059 20.54714
1948 1747 2 0.0 30.0 6.0 20.94118
1949 1747 2 0.0 30.0 4.52941 20.54714
1950 1747 2 0.0 30.0 3.45286 19.47059
1951 1747 2 0.0 30.0 3.05882 18.0
1952 1747 2 0.0 30.0 3.45286 16.52941
1953 1747 2 0.0 30.0 4.52941 15.45286
1954 1747 2 0.0 30.0 6.0 15.05882
1955 1747 2 0.0 30.0 7.47059 15.45286
1956 1747 2 0.0 30.0 8.54714 16.52941
1957 1748 2 0.0 42.0 8.94118 18.0
1958 1748 2 0.0 42.0 8.54714 19.47059
1959 1748 2 0.0 42.0 7.47059 20.54714
1960 1748 2 0.0 42.0 6.0 20.94118
1961 1748 2 0.0 42.0 4.52941 20.54714
1962 1748 2 0.0 42.0 3.45286 19.47059
1963 1748 2 0.0 42.0 3.05882 18.0
1964 1748 2 0.0 42.0 3.45286 16.52941
1965 1748 2 0.0 42.0 4.52941 15.45286
1966 1748 2 0.0 42.0 6.0 15.05882
1967 1748 2 0.0 42.0 7.47059 15.45286
1968 1748 2 0.0 42.0 8.54714 16.52941
1969 1749 2 0.0 6.0 20.94118 18.0
1970 1749 2 0.0 6.0 20.54714 19.47059
1971 1749 2 0.0 6.0 19.47059 20.54714
1972 1749 2 0.0 6.0 18.0 20.94118
1973 1749 2 0.0 6.0 16.52941 20.54714
1974 1749 2 0.0 6.0 15.45286 19.47059
1975 1749 2 0.0 6.0 15.05882 18.0
1976 1749 2 0.0 6.0 15.45286 16.52941
1977 1749 2 0.0 6.0 16.52941 15.45286
1978 1749 2 0.0 6.0 18.0 15.05882
1979 1749 2 0.0 6.0 19.47059 15.45286
1980 1749 2 0.0 6.0 20.54714 16.52941
1981 1750 2 0.0 18.0 20.94118 18.0
1982 1750 2 0.0 18.0 20.54714 19.47059
1983 1750 2 0.0 18.0 19.47059 20.54714
1984 1750 2 0.0 18.0 18.0 20.94118
1985 1750 2 0.0 18.0 16.52941 20.54714
1986 1750 2 0.0 18.0 15.45286 19.47059
1987 1750 2 0.0 18.0 15.05882 18.0
1988 1750 2 0.0 18.0 15.45286 16.52941
1989 1750 2 0.0 18.0 16.52941 15.45286
1990 1750 2 0.0 18.0 18.0 15.05882
1991 1750 2 0.0 18.0 19.47059 15.45286
1992 1750 2 0.0 18.0 20.54714 16.52941
1993 1751 2 0.0 30.0 20.94118 18.0
1994 1751 2 0.0 30.0 20.54714 19.47059
1995 1751 2 0.0 30.0 19.47059 20.54714
1996 1751 2 0.0 30.0 18.0 20.94118
1997 1751 2 0.0 30.0 16.52941 20.54714
1998 1751 2 0.0 30.0 15.45286 19.47059
1999 1751 2 0.0 30.0 15.05882 18.0
2000 1751 2 0.0 30.0 15.45286 16.52941
2001 1751 2 0.0 30.0 16.52941 15.45286
2002 1751 2 0.0 30.0 18.0 15.05882
2003 1751 2 0.0 30.0 19.47059 15.45286
2004 1751 2 0.0 30.0 20.54714 16.52941
2005 1752 2 0.0 42.0 20.94118 18.0
2006 1752 2 0.0 42.0 20.54714 19.47059
2007 1752 2 0.0 42.0 19.47059 20.54714
2008 1752 2 0.0 42.0 18.0 20.94118
2009 1752 2 0.0 42.0 16.52941 20.54714
2010 1752 2 0.0 42.0 15.45286 19.47059
2011 1752 2 0.0 42.0 15.05882 18.0
2012 1752 2 0.0 42.0 15.45286 16.52941
2013 1752 2 0.0 42.0 16.52941 15.45286
2014 1752 2 0.0 42.0 18.0 15.05882
2015 1752 2 0.0 42.0 19.47059 15.45286
2016 1752 2 0.0 42.0 20.54714 16.52941
2017 1753 2 0.0 6.0 32.94118 18.0
2018 1753 2 0.0 6.0 32.54714 19.47059
2019 1753 2 0.0 6.0 31.47059 20.54714
2020 1753 2 0.0 6.0 30.0 20.94118
2021 1753 2 0.0 6.0 28.52941 20.54714
2022 1753 2 0.0 6.0 27.45286 19.47059
2023 1753 2 0.0 6.0 27.05882 18.0
2024 1753 2 0.0 6.0 27.45286 16.52941
2025 1753 2 0.0 6.0 28.52941 15.45286
2026 1753 2 0.0 6.0 30.0 15.05882
2027 1753 2 0.0 6.0 31.47059 15.45286
2028 1753 2 0.0 6.0 32.54714 16.52941
2029 1754 2 0.0 18.0 32.94118 18.0
2030 1754 2 0.0 18.0 32.54714 19.47059
2031 1754 2 0.0 18.0 31.47059 20.54714
2032 1754 2 0.0 18.0 30.0 20.94118
2033 1754 2 0.0 18.0 28.52941 20.54714
2034 1754 2 0.0 18.0 27.45286 19.47059
2035 1754 2 0.0 18.0 27.05882 18.0
2036 1754 2 0.0 18.0 27.45286 16.52941
2037 1754 2 0.0 18.0 28.52941 15.45286
2038 1754 2 0.0 18.0 30.0 15.05882
2039 1754 2 0.0 18.0 31.47059 15.45286
2040 1754 2 0.0 18.0 32.54714 16.52941
2041 1755 2 0.0 30.0 32.94118 18.0
2042 1755 2 0.0 30.0 32.54714 19.47059
2043 1755 2 0.0 30.0 31.47059 20.54714
2044 1755 2 0.0 30.0 30.0 20.94118
2045 1755 2 0.0 30.0 28.52941 20.54714
2046 1755 2 0.0 30.0 27.45286 19.47059
2047 1755 2 0.0 30.0 27.05882 18.0
2048 1755 2 0.0 30.0 27.45286 16.52941
2049 1755 2 0.0 30.0 28.52941 15.45286
2050 1755 2 0.0 30.0 30.0 15.05882
2051 1755 2 0.0 30.0 31.47059 15.45286
2052 1755 2 0.0 30.0 32.54714 16.52941
2053 1756 2 0.0 42.0 32.94118 18.0
2054 1756 2 0.0 42.0 32.54714 19.47059
2055 1756 2 0.0 42.0 31.47059 20.54714
2056 1756 2 0.0 42.0 30.0 20.94118
2057 1756 2 0.0 42.0 28.52941 20.54714
2058 1756 2 0.0 42.0 27.45286 19.47059
2059 1756 2 0.0 42.0 27.05882 18.0
2060 1756 2 0.0 42.0 27.45286 16.52941
2061 1756 2 0.0 42.0 28.52941 15.45286
2062 1756 2 0.0 42.0 30.0 15.05882
2063 1756 2 0.0 42.0 31.47059 15.45286
2064 1756 2 0.0 42.0 32.54714 16.52941
2065 1757 2 0.0 6.0 44.94118 18.0
2066 1757 2 0.0 6.0 44.54714 19.47059
2067 1757 2 0.0 6.0 43.47059 20.54714
2068 1757 2 0.0 6.0 42.0 20.94118
2069 1757 2 0.0 6.0 40.52941 20.54714
2070 1757 2 0.0 6.0 39.45286 19.47059
2071 1757 2 0.0 6.0 39.05882 18.0
2072 1757 2 0.0 6.0 39.45286 16.52941
2073 1757 2 0.0 6.0 40.52941 15.45286
2074 1757 2 0.0 6.0 42.0 15.05882
2075 1757 2 0.0 6.0 43.47059 15.45286
2076 1757 2 0.0 6.0 44.54714 16.52941
2077 1758 2 0.0 18.0 44.94118 18.0
2078 1758 2 0.0 18.0 44.54714 19.47059
2079 1758 2 0.0 18.0 43.47059 20.54714
2080 1758 2 0.0 18.0 42.0 20.94118
2081 1758 2 0.0 18.0 40.52941 20.54714
2082 1758 2 0.0 18.0 39.45286 19.47059
2083 1758 2 0.0 18.0 39.05882 18.0
2084 1758 2 0.0 18.0 39.45286 16.52941
2085 1758 2 0.0 18.0 40.52941 15.45286
2086 1758 2 0.0 18.0 42.0 15.05882
2087 1758 2 0.0 18.0 43.47059 15.45286
2088 1758 2 0.0 18.0 44.54714 16.52941
2089 1759 2 0.0 30.0 44.94118 18.0
2090 1759 2 0.0 30.0 44.54714 19.47059
2091 1759 2 0.0 30.0 43.47059 20.54714
2092 1759 2 0.0 30.0 42.0 20.94118
2093 1759 2 0.0 30.0 40.52941 20.54714
2094 1759 2 0.0 30.0 39.45286 19.47059
2095 1759 2 0.0 30.0 39.05882 18.0
2096 1759 2 0.0 30.0 39.45286 16.52941
2097 1759 2 0.0 30.0 40.52941 15.45286
2098 1759 2 0.0 30.0 42.0 15.05882
2099 1759 2 0.0 30.0 43.47059 15.45286
2100 1759 2 0.0 30.0 44.54714 16.52941
2101 1760 2 0.0 42.0 44.94118 18.0
2102 1760 2 0.0 42.0 44.54714 19.47059
2103 1760 2 0.0 42.0 43.47059 20.54714
2104 1760 2 0.0 42.0 42.0 20.94118
2105 1760 2 0.0 42.0 40.52941 20.54714
2106 1760 2 0.0 42.0 39.45286 19.47059
2107 1760 2 0.0 42.0 39.05882 18.0
2108 1760 2 0.0 42.0 39.45286 16.52941
2109 1760 2 0.0 42.0 40.52941 15.45286
2110 1760 2 0.0 42.0 42.0 15.05882
2111 1760 2 0.0 42.0 43.47059 15.45286
2112 1760 2 0.0 42.0 44.54714 16.52941
2113 1761 2 0.0 6.0 8.94118 30.0
2114 1761 2 0.0 6.0 8.54714 31.47059
2115 1761 2 0.0 6.0 7.47059 32.54714
2116 1761 2 0.0 6.0 6.0 32.94118
2117 1761 2 0.0 6.0 4.52941 32.54714
2118 1761 2 0.0 6.0 3.45286 31.47059
2119 1761 2 0.0 6.0 3.05882 30.0
2120 1761 2 0.0 6.0 3.45286 28.52941
2121 1761 2 0.0 6.0 4.52941 27.45286
2122 1761 2 0.0 6.0 6.0 27.05882
2123 1761 2 0.0 6.0 7.47059 27.45286
2124 1761 2 0.0 6.0 8.54714 28.52941
2125 1762 2 0.0 18.0 8.94118 30.0
2126 1762 2 0.0 18.0 8.54714 31.47059
2127 1762 2 0.0 18.0 7.47059 32.54714
2128 1762 2 0.0 18.0 6.0 32.94118
2129 1762 2 0.0 18.0 4.52941 32.54714
2130 1762 2 0.0 18.0 3.45286 31.47059
2131 1762 2 0.0 18.0 3.05882 30.0
2132 1762 2 0.0 18.0 3.45286 28.52941
2133 1762 2 0.0 18.0 4.52941 27.45286
2134 1762 2 0.0 18.0 6.0 27.05882
2135 1762 2 0.0 18.0 7.47059 27.45286
2136 1762 2 0.0 18.0 8.54714 28.52941
2137 1763 2 0.0 30.0 8.94118 30.0
2138 1763 2 0.0 30.0 8.54714 31.47059
2139 1763 2 0.0 30.0 7.47059 32.54714
2140 1763 2 0.0 30.0 6.0 32.94118
2141 1763 2 0.0 30.0 4.52941 32.54714
2142 1763 2 0.0 30.0 3.45286 31.47059
2143 1763 2 0.0 30.0 3.05882 30.0
2144 1763 2 0.0 30.0 3.45286 28.52941
2145 1763 2 0.0 30.0 4.52941 27.45286
2146 1763 2 0.0 30.0 6.0 27.05882
2147 1763 2 0.0 30.0 7.47059 27.45286
2148 1763 2 0.0 30.0 8.54714 28.52941
2149 1764 2 0.0 42.0 8.94118 30.0
2150 1764 2 0.0 42.0 8.54714 31.47059
2151 1764 2 0.0 42.0 7.47059 32.54714
2152 1764 2 0.0 42.0 6.0 32.94118
2153 1764 2 0.0 42.0 4.52941 32.54714
2154 1764 2 0.0 42.0 3.45286 31.47059
2155 1764 2 0.0 42.0 3.05882 30.0
2156 1764 2 0.0 42.0 3.45286 28.52941
2157 1764 2 0.0 42.0 4.52941 27.45286
2158 1764 2 0.0 42.0 6.0 27.05882
2159 1764 2 0.0 42.0 7.47059 27.45286
2160 1764 2 0.0 42.0 8.54714 28.52941
2161 1765 2 0.0 6.0 20.94118 30.0
2162 1765 2 0.0 6.0 20.54714 31.47059
2163 1765 2 0.0 6.0 19.47059 32.54714
2164 1765 2 0.0 6.0 18.0 32.94118
2165 1765 2 0.0 6.0 16.52941 32.54714
2166 1765 2 0.0 6.0 15.45286 31.47059
2167 1765 2 0.0 6.0 15.05882 30.0
2168 1765 2 0.0 6.0 15.45286 28.52941
2169 1765 2 0.0 6.0 16.52941 27.45286
2170 1765 2 0.0 6.0 18.0 27.05882
2171 1765 2 0.0 6.0 19.47059 27.45286
2172 1765 2 0.0 6.0 20.54714 28.52941
2173 1766 2 0.0 18.0 20.94118 30.0
2174 1766 2 0.0 18.0 20.54714 31.47059
2175 1766 2 0.0 18.0 19.47059 32.54714
2176 1766 2 0.0 18.0 18.0 32.94118
2177 1766 2 0.0 18.0 16.52941 32.54714
2178 1766 2 0.0 18.0 15.45286 31.47059
2179 1766 2 0.0 18.0 15.05882 30.0
2180 1766 2 0.0 18.0 15.45286 28.52941
2181 1766 2 0.0 18.0 16.52941 27.45286
2182 1766 2 0.0 18.0 18.0 27.05882
2183 1766 2 0.0 18.0 19.47059 27.45286
2184 1766 2 0.0 18.0 20.54714 28.52941
2185 1767 2 0.0 30.0 20.94118 30.0
2186 1767 2 0.0 30.0 20.54714 31.47059
2187 1767 2 0.0 30.0 19.47059 32.54714
2188 1767 2 0.0 30.0 18.0 32.94118
2189 1767 2 0.0 30.0 16.52941 32.54714
2190 1767 2 0.0 30.0 15.45286 31.47059
2191 1767 2 0.0 30.0 15.05882 30.0
2192 1767 2 0.0 30.0 15.45286 28.52941
2193 1767 2 0.0 30.0 16.52941 27.45286
2194 1767 2 0.0 30.0 18.0 27.05882
2195 1767 2 0.0 30.0 19.47059 27.45286
2196 1767 2 0.0 30.0 20.54714 28.52941
2197 1768 2 0.0 42.0 20.94118 30.0
2198 1768 2 0.0 42.0 20.54714 31.47059
2199 1768 2 0.0 42.0 19.47059 32.54714
2200 1768 2 0.0 42.0 18.0 32.94118
2201 1768 2 0.0 42.0 16.52941 32.54714
2202 1768 2 0.0 42.0 15.45286 31.47059
2203 1768 2 0.0 42.0 15.05882 30.0
2204 1768 2 0.0 42.0 15.45286 28.52941
2205 1768 2 0.0 42.0 16.52941 27.45286
2206 1768 2 0.0 42.0 18.0 27.05882
2207 1768 2 0.0 42.0 19.47059 27.45286
2208 1768 2 0.0 42.0 20.54714 28.52941
2209 1769 2 0.0 6.0 32.94118 30.0
2210 1769 2 0.0 6.0 32.54714 31.47059
2211 1769 2 0.0 6.0 31.47059 32.54714
2212 1769 2 0.0 6.0 30.0 32.94118
2213 1769 2 0.0 6.0 28.52941 32.54714
2214 1769 2 0.0 6.0 27.45286 31.47059
2215 1769 2 0.0 6.0 27.05882 30.0
2216 1769 2 0.0 6.0 27.45286 28.52941
2217 1769 2 0.0 6.0 28.52941 27.45286
2218 1769 2 0.0 6.0 30.0 27.05882
2219 1769 2 0.0 6.0 31.47059 27.45286
2220 1769 2 0.0 6.0 32.54714 28.52941
2221 1770 2 0.0 18.0 32.94118 30.0
2222 1770 2 0.0 18.0 32.54714 31.47059
2223 1770 2 0.0 18.0 31.47059 32.54714
2224 1770 2 0.0 18.0 30.0 32.94118
2225 1770 2 0.0 18.0 28.52941 32.54714
2226 1770 2 0.0 18.0 27.45286 31.47059
2227 1770 2 0.0 18.0 27.05882 30.0
2228 1770 2 0.0 18.0 27.45286 28.52941
2229 1770 2 0.0 18.0 28.52941 27.45286
2230 1770 2 0.0 18.0 30.0 27.05882
2231 1770 2 0.0 18.0 31.47059 27.45286
2232 1770 2 0.0 18.0 32.54714 28.52941
2233 1771 2 0.0 30.0 32.94118 30.0
2234 1771 2 0.0 30.0 32.54714 31.47059
2235 1771 2 0.0 30.0 31.47059 32.54714
2236 1771 2 0.0 30.0 30.0 32.94118
2237 1771 2 0.0 30.0 28.52941 32.54714
2238 1771 2 0.0 30.0 27.45286 31.47059
2239 1771 2 0.0 30.0 27.05882 30.0
2240 1771 2 0.0 30.0 27.45286 28.52941
2241 1771 2 0.0 30.0 28.52941 27.45286
2242 1771 2 0.0 30.0 30.0 27.05882
2243 1771 2 0.0 30.0 31.47059 27.45286
2244 1771 2 0.0 30.0 32.54714 28.52941
2245 1772 2 0.0 42.0 32.94118 30.0
2246 1772 2 0.0 42.0 32.54714 31.47059
2247 1772 2 0.0 42.0 31.47059 32.54714
2248 1772 2 0.0 42.0 30.0 32.94118
2249 1772 2 0.0 42.0 28.52941 32.54714
2250 1772 2 0.0 42.0 27.45286 31.47059
2251 1772 2 0.0 42.0 27.05882 30.0
2252 1772 2 0.0 42.0 27.45286 28.52941
2253 1772 2 0.0 42.0 28.52941 27.45286
2254 1772 2 0.0 42.0 30.0 27.05882
2255 1772 2 0.0 42.0 31.47059 27.45286
2256 1772 2 0.0 42.0 32.54714 28.52941
2257 1773 2 0.0 6.0 44.94118 30.0
2258 1773 2 0.0 6.0 44.54714 31.47059
2259 1773 2 0.0 6.0 43.47059 32.54714
2260 1773 2 0.0 6.0 42.0 32.94118
2261 1773 2 0.0 6.0 40.52941 32.54714
2262 1773 2 0.0 6.0 39.45286 31.47059
2263 1773 2 0.0 6.0 39.05882 30.0
2264 1773 2 0.0 6.0 39.45286 28.52941
2265 1773 2 0.0 6.0 40.52941 27.45286
2266 1773 2 0.0 6.0 42.0 27.05882
2267 1773 2 0.0 6.0 43.47059 27.45286
2268 1773 2 0.0 6.0 44.54714 28.52941
2269 1774 2 0.0 18.0 44.94118 30.0
2270 1774 2 0.0 18.0 44.54714 31.47059
2271 1774 2 0.0 18.0 43.47059 32.54714
2272 1774 2 0.0 18.0 42.0 32.94118
2273 1774 2 0.0 18.0 40.52941 32.54714
2274 1774 2 0.0 18.0 39.45286 31.47059
2275 1774 2 0.0 18.0 39.05882 30.0
2276 1774 2 0.0 18.0 39.45286 28.52941
2277 1774 2 0.0 18.0 40.52941 27.45286
2278 1774 2 0.0 18.0 42.0 27.05882
2279 1774 2 0.0 18.0 43.47059 27.45286
2280 1774 2 0.0 18.0 44.54714 28.52941
2281 1775 2 0.0 30.0 44.94118 30.0
2282 1775 2 0.0 30.0 44.54714 31.47059
2283 1775 2 0.0 30.0 43.47059 32.54714
2284 1775 2 0.0 30.0 42.0 32.94118
2285 1775 2 0.0 30.0 40.52941 32.54714
2286 1775 2 0.0 30.0 39.45286 31.47059
2287 1775 2 0.0 30.0 39.05882 30.0
2288 1775 2 0.0 30.0 39.45286 28.52941
2289 1775 2 0.0 30.0 40.52941 27.45286
2290 1775 2 0.0 30.0 42.0 27.05882
2291 1775 2 0.0 30.0 43.47059 27.45286
2292 1775 2 0.0 30.0 44.54714 28.52941
2293 1776 2 0.0 42.0 44.94118 30.0
2294 1776 2 0.0 42.0 44.54714 31.47059
2295 1776 2 0.0 42.0 43.47059 32.54714
2296 1776 2 0.0 42.0 42.0 32.94118
2297 1776 2 0.0 42.0 40.52941 32.54714
2298 1776 2 0.0 42.0 39.45286 31.47059
2299 1776 2 0.0 42.0 39.05882 30.0
2300 1776 2 0.0 42.0 39.45286 28.52941
2301 1776 2 0.0 42.0 40.52941 27.45286
2302 1776 2 0.0 42.0 42.0 27.05882
2303 1776 2 0.0 42.0 43.47059 27.45286
2304 1776 2 0.0 42.0 44.54714 28.52941
2305 1777 2 0.0 6.0 8.94118 42.0
2306 1777 2 0.0 6.0 8.54714 43.47059
2307 1777 2 0.0 6.0 7.47059 44.54714
2308 1777 2 0.0 6.0 6.0 44.94118
2309 1777 2 0.0 6.0 4.52941 44.54714
2310 1777 2 0.0 6.0 3.45286 43.47059
2311 1777 2 0.0 6.0 3.05882 42.0
2312 1777 2 0.0 6.0 3.45286 40.52941
2313 1777 2 0.0 6.0 4.52941 39.45286
2314 1777 2 0.0 6.0 6.0 39.05882
2315 1777 2 0.0 6.0 7.47059 39.45286
2316 1777 2 0.0 6.0 8.54714 40.52941
2317 1778 2 0.0 18.0 8.94118 42.0
2318 1778 2 0.0 18.0 8.54714 43.47059
2319 1778 2 0.0 18.0 7.47059 44.54714
2320 1778 2 0.0 18.0 6.0 44.94118
2321 1778 2 0.0 18.0 4.52941 44.54714
2322 1778 2 0.0 18.0 3.45286 43.47059
2323 1778 2 0.0 18.0 3.05882 42.0
2324 1778 2 0.0 18.0 3.45286 40.52941
2325 1778 2 0.0 18.0 4.52941 39.45286
2326 1778 2 0.0 18.0 6.0 39.05882
2327 1778 2 0.0 18.0 7.47059 39.45286
2328 1778 2 0.0 18.0 8.54714 40.52941
2329 1779 2 0.0 30.0 8.94118 42.0
2330 1779 2 0.0 30.0 8.54714 43.47059
2331 1779 2 0.0 30.0 7.47059 44.54714
2332 1779 2 0.0 30.0 6.0 44.94118
2333 1779 2 0.0 30.0 4.52941 44.54714
2334 1779 2 0.0 30.0 3.45286 43.47059
2335 1779 2 0.0 30.0 3.05882 42.0
2336 1779 2 0.0 30.0 3.45286 40.52941
2337 1779 2 0.0 30.0 4.52941 39.45286
2338 1779 2 0.0 30.0 6.0 39.05882
2339 1779 2 0.0 30.0 7.47059 39.45286
2340 1779 2 0.0 30.0 8.54714 40.52941
2341 1780 2 0.0 42.0 8.94118 42.0
2342 1780 2 0.0 42.0 8.54714 43.47059
2343 1780 2 0.0 42.0 7.47059 44.54714
2344 1780 2 0.0 42.0 6.0 44.94118
2345 1780 2 0.0 42.0 4.52941 44.54714
2346 1780 2 0.0 42.0 3.45286 43.47059
2347 1780 2 0.0 42.0 3.05882 42.0
2348 1780 2 0.0 42.0 3.45286 40.52941
2349 1780 2 0.0 42.0 4.52941 39.45286
2350 1780 2 0.0 42.0 6.0 39.05882
2351 1780 2 0.0 42.0 7.47059 39.45286
2352 1780 2 0.0 42.0 8.54714 40.52941
2353 1781 2 0.0 6.0 20.94118 42.0
2354 1781 2 0.0 6.0 20.54714 43.47059
2355 1781 2 0.0 6.0 19.47059 44.54714
2356 1781 2 0.0 6.0 18.0 44.94118
2357 1781 2 0.0 6.0 16.52941 44.54714
2358 1781 2 0.0 6.0 15.45286 43.47059
2359 1781 2 0.0 6.0 15.05882 42.0
2360 1781 2 0.0 6.0 15.45286 40.52941
2361 1781 2 0.0 6.0 16.52941 39.45286
2362 1781 2 0.0 6.0 18.0 39.05882
2363 1781 2 0.0 6.0 19.47059 39.45286
2364 1781 2 0.0 6.0 20.54714 40.52941
2365 1782 2 0.0 18.0 20.94118 42.0
2366 1782 2 0.0 18.0 20.54714 43.47059
2367 1782 2 0.0 18.0 19.47059 44.54714
2368 1782 2 0.0 18.0 18.0 44.94118
2369 1782 2 0.0 18.0 16.52941 44.54714
2370 1782 2 0.0 18.0 15.45286 43.47059
2371 1782 2 0.0 18.0 15.05882 42.0
2372 1782 2 0.0 18.0 15.45286 40.52941
2373 1782 2 0.0 18.0 16.52941 39.45286
2374 1782 2 0.0 18.0 18.0 39.05882
2375 1782 2 0.0 18.0 19.47059 39.45286
2376 1782 2 0.0 18.0 20.54714 40.52941
2377 1783 2 0.0 30.0 20.94118 42.0
2378 1783 2 0.0 30.0 20.54714 43.47059
2379 1783 2 0.0 30.0 19.47059 44.54714
2380 1783 2 0.0 30.0 18.0 44.94118
2381 1783 2 0.0 30.0 16.52941 44.54714
2382 1783 2 0.0 30.0 15.45286 43.47059
2383 1783 2 0.0 30.0 15.05882 42.0
2384 1783 2 0.0 30.0 15.45286 40.52941
2385 1783 2 0.0 30.0 16.52941 39.45286
2386 1783 2 0.0 30.0 18.0 39.05882
2387 1783 2 0.0 30.0 19.47059 39.45286
2388 1783 2 0.0 30.0 20.54714 40.52941
2389 1784 2 0.0 42.0 20.94118 42.0
2390 1784 2 0.0 42.0 20.54714 43.47059
2391 1784 2 0.0 42.0 19.47059 44.54714
2392 1784 2 0.0 42.0 18.0 44.94118
2393 1784 2 0.0 42.0 16.52941 44.54714
2394 1784 2 0.0 42.0 15.45286 43.47059
2395 1784 2 0.0 42.0 15.05882 42.0
2396 1784 2 0.0 42.0 15.45286 40.52941
2397 1784 2 0.0 42.0 16.52941 39.45286
2398 1784 2 0.0 42.0 18.0 39.05882
2399 1784 2 0.0 42.0 19.47059 39.45286
2400 1784 2 0.0 42.0 20.54714 40.52941
2401 1785 2 0.0 6.0 32.94118 42.0
2402 1785 2 0.0 6.0 32.54714 43.47059
2403 1785 2 0.0 6.0 31.47059 44.54714
2404 1785 2 0.0 6.0 30.0 44.94118
2405 1785 2 0.0 6.0 28.52941 44.54714
2406 1785 2 0.0 6.0 27.45286 43.47059
2407 1785 2 0.0 6.0 27.05882 42.0
2408 1785 2 0.0 6.0 27.45286 40.52941
2409 1785 2 0.0 6.0 28.52941 39.45286
2410 1785 2 0.0 6.0 30.0 39.05882
2411 1785 2 0.0 6.0 31.47059 39.45286
2412 1785 2 0.0 6.0 32.54714 40.52941
2413 1786 2 0.0 18.0 32.94118 42.0
2414 1786 2 0.0 18.0 32.54714 43.47059
2415 1786 2 0.0 18.0 31.47059 44.54714
2416 1786 2 0.0 18.0 30.0 44.94118
2417 1786 2 0.0 18.0 28.52941 44.54714
2418 1786 2 0.0 18.0 27.45286 43.47059
2419 1786 2 0.0 18.0 27.05882 42.0
2420 1786 2 0.0 18.0 27.45286 40.52941
2421 1786 2 0.0 18.0 28.52941 39.45286
2422 1786 2 0.0 18.0 30.0 39.05882
2423 1786 2 0.0 18.0 31.47059 39.45286
2424 1786 2 0.0 18.0 32.54714 40.52941
2425 1787 2 0.0 30.0 32.94118 42.0
2426 1787 2 0.0 30.0 32.54714 43.47059
2427 1787 2 0.0 30.0 31.47059 44.54714
2428 1787 2 0.0 30.0 30.0 44.94118
2429 1787 2 0.0 30.0 28.52941 44.54714
2430 1787 2 0.0 30.0 27.45286 43.47059
2431 1787 2 0.0 30.0 27.05882 42.0
2432 1787 2 0.0 30.0 27.45286 40.52941
2433 1787 2 0.0 30.0 28.52941 39.45286
2434 1787 2 0.0 30.0 30.0 39.05882
2435 1787 2 0.0 30.0 31.47059 39.45286
2436 1787 2 0.0 30.0 32.54714 40.52941
2437 1788 2 0.0 42.0 32.94118 42.0
2438 1788 2 0.0 42.0 32.54714 43.47059
2439 1788 2 0.0 42.0 31.47059 44.54714
2440 1788 2 0.0 42.0 30.0 44.94118
2441 1788 2 0.0 42.0 28.52941 44.54714
2442 1788 2 0.0 42.0 27.45286 43.47059
2443 1788 2 0.0 42.0 27.05882 42.0
2444 1788 2 0.0 42.0 27.45286 40.52941
2445 1788 2 0.0 42.0 28.52941 39.45286
2446 1788 2 0.0 42.0 30.0 39.05882
2447 1788 2 0.0 42.0 31.47059 39.45286
2448 1788 2 0.0 42.0 32.54714 40.52941
2449 1789 2 0.0 6.0 44.94118 42.0
2450 1789 2 0.0 6.0 44.54714 43.47059
2451 1789 2 0.0 6.0 43.47059 44.54714
2452 1789 2 0.0 6.0 42.0 44.94118
2453 1789 2 0.0 6.0 40.52941 44.54714
2454 1789 2 0.0 6.0 39.45286 43.47059
2455 1789 2 0.0 6.0 39.05882 42.0
2456 1789 2 0.0 6.0 39.45286 40.52941
2457 1789 2 0.0 6.0 40.52941 39.45286
2458 1789 2 0.0 6.0 42.0 39.05882
2459 1789 2 0.0 6.0 43.47059 39.45286
2460 1789 2 0.0 6.0 44.54714 40.52941
2461 1790 2 0.0 18.0 44.94118 42.0
2462 1790 2 0.0 18.0 44.54714 43.47059
2463 1790 2 0.0 18.0 43.47059 44.54714
2464 1790 2 0.0 18.0 42.0 44.94118
2465 1790 2 0.0 18.0 40.52941 44.54714
2466 1790 2 0.0 18.0 39.45286 43.47059
2467 1790 2 0.0 18.0 39.05882 42.0
2468 1790 2 0.0 18.0 39.45286 40.52941
2469 1790 2 0.0 18.0 40.52941 39.45286
2470 1790 2 0.0 18.0 42.0 39.05882
2471 1790 2 0.0 18.0 43.47059 39.45286
2472 1790 2 0.0 18.0 44.54714 40.52941
2473 1791 2 0.0 30.0 44.94118 42.0
2474 1791 2 0.0 30.0 44.54714 43.47059
2475 1791 2 0.0 30.0 43.47059 44.54714
2476 1791 2 0.0 30.0 42.0 44.94118
2477 1791 2 0.0 30.0 40.52941 44.54714
2478 1791 2 0.0 30.0 39.45286 43.47059
2479 1791 2 0.0 30.0 39.05882 42.0
2480 1791 2 0.0 30.0 39.45286 40.52941
2481 1791 2 0.0 30.0 40.52941 39.45286
2482 1791 2 0.0 30.0 42.0 39.05882
2483 1791 2 0.0 30.0 43.47059 39.45286
2484 1791 2 0.0 30.0 44.54714 40.52941
2485 1792 2 0.0 42.0 44.94118 42.0
2486 1792 2 0.0 42.0 44.54714 43.47059
2487 1792 2 0.0 42.0 43.47059 44.54714
2488 1792 2 0.0 42.0 42.0 44.94118
2489 1792 2 0.0 42.0 40.52941 44.54714
2490 1792 2 0.0 42.0 39.45286 43.47059
2491 1792 2 0.0 42.0 39.05882 42.0
2492 1792 2 0.0 42.0 39.45286 40.52941
2493 1792 2 0.0 42.0 40.52941 39.45286
2494 1792 2 0.0 42.0 42.0 39.05882
2495 1792 2 0.0 42.0 43.47059 39.45286
2496 1792 2 0.0 42.0 44.54714 40.52941
